0 20 120 220 1
1 20 121 221 1
2 20 122 222 1
3 20 123 223 1
4 20 124 224 1
5 20 125 225 1
6 20 126 226 1
7 20 127 227 1
8 20 128 228 1
9 20 129 229 1
0 21 130 230 1
1 21 131 231 1
2 21 132 232 1
3 21 133 233 1
4 21 134 234 1
5 21 135 235 1
6 21 136 236 1
7 21 137 237 1
8 21 138 238 1
9 21 139 239 1
0 22 140 240 1
1 22 141 241 1
2 22 142 242 1
3 22 143 243 1
4 22 144 244 1
5 22 145 245 1
6 22 146 246 1
7 22 147 247 1
8 22 148 248 1
9 22 149 249 1
0 23 150 250 1
1 23 151 251 1
2 23 152 252 1
3 23 153 253 1
4 23 154 254 1
5 23 155 255 1
6 23 156 256 1
7 23 157 257 1
8 23 158 258 1
9 23 159 259 1
0 24 160 260 1
1 24 161 261 1
2 24 162 262 1
3 24 163 263 1
4 24 164 264 1
5 24 165 265 1
6 24 166 266 1
7 24 167 267 1
8 24 168 268 1
9 24 169 269 1
0 25 170 270 1
1 25 171 271 1
2 25 172 272 1
3 25 173 273 1
4 25 174 274 1
5 25 175 275 1
6 25 176 276 1
7 25 177 277 1
8 25 178 278 1
9 25 179 279 1
0 26 180 280 1
1 26 181 281 1
2 26 182 282 1
3 26 183 283 1
4 26 184 284 1
5 26 185 285 1
6 26 186 286 1
7 26 187 287 1
8 26 188 288 1
9 26 189 289 1
0 27 190 290 1
1 27 191 291 1
2 27 192 292 1
3 27 193 293 1
4 27 194 294 1
5 27 195 295 1
6 27 196 296 1
7 27 197 297 1
8 27 198 298 1
9 27 199 299 1
0 28 200 300 1
1 28 201 301 1
2 28 202 302 1
3 28 203 303 1
4 28 204 304 1
5 28 205 305 1
6 28 206 306 1
7 28 207 307 1
8 28 208 308 1
9 28 209 309 1
0 29 210 310 1
1 29 211 311 1
2 29 212 312 1
3 29 213 313 1
4 29 214 314 1
5 29 215 315 1
6 29 216 316 1
7 29 217 317 1
8 29 218 318 1
9 29 219 319 1
-1 120 320 321 0
321 220 322 323 0
322 121 324 325 0
325 221 326 327 0
326 122 328 329 0
329 222 330 331 0
330 123 332 333 0
333 223 334 335 0
334 124 336 337 0
337 224 338 339 0
338 125 340 341 0
341 225 342 343 0
342 126 344 345 0
345 226 346 347 0
346 127 348 349 0
349 227 350 351 0
350 128 352 353 0
353 228 354 355 0
354 129 356 357 0
357 229 358 359 0
-1 130 360 361 0
361 230 362 363 0
362 131 364 365 0
365 231 366 367 0
366 132 368 369 0
369 232 370 371 0
370 133 372 373 0
373 233 374 375 0
374 134 376 377 0
377 234 378 379 0
378 135 380 381 0
381 235 382 383 0
382 136 384 385 0
385 236 386 387 0
386 137 388 389 0
389 237 390 391 0
390 138 392 393 0
393 238 394 395 0
394 139 396 397 0
397 239 398 399 0
-1 140 400 401 0
401 240 402 403 0
402 141 404 405 0
405 241 406 407 0
406 142 408 409 0
409 242 410 411 0
410 143 412 413 0
413 243 414 415 0
414 144 416 417 0
417 244 418 419 0
418 145 420 421 0
421 245 422 423 0
422 146 424 425 0
425 246 426 427 0
426 147 428 429 0
429 247 430 431 0
430 148 432 433 0
433 248 434 435 0
434 149 436 437 0
437 249 438 439 0
-1 150 440 441 0
441 250 442 443 0
442 151 444 445 0
445 251 446 447 0
446 152 448 449 0
449 252 450 451 0
450 153 452 453 0
453 253 454 455 0
454 154 456 457 0
457 254 458 459 0
458 155 460 461 0
461 255 462 463 0
462 156 464 465 0
465 256 466 467 0
466 157 468 469 0
469 257 470 471 0
470 158 472 473 0
473 258 474 475 0
474 159 476 477 0
477 259 478 479 0
-1 160 480 481 0
481 260 482 483 0
482 161 484 485 0
485 261 486 487 0
486 162 488 489 0
489 262 490 491 0
490 163 492 493 0
493 263 494 495 0
494 164 496 497 0
497 264 498 499 0
498 165 500 501 0
501 265 502 503 0
502 166 504 505 0
505 266 506 507 0
506 167 508 509 0
509 267 510 511 0
510 168 512 513 0
513 268 514 515 0
514 169 516 517 0
517 269 518 519 0
-1 170 520 521 0
521 270 522 523 0
522 171 524 525 0
525 271 526 527 0
526 172 528 529 0
529 272 530 531 0
530 173 532 533 0
533 273 534 535 0
534 174 536 537 0
537 274 538 539 0
538 175 540 541 0
541 275 542 543 0
542 176 544 545 0
545 276 546 547 0
546 177 548 549 0
549 277 550 551 0
550 178 552 553 0
553 278 554 555 0
554 179 556 557 0
557 279 558 559 0
-1 180 560 561 0
561 280 562 563 0
562 181 564 565 0
565 281 566 567 0
566 182 568 569 0
569 282 570 571 0
570 183 572 573 0
573 283 574 575 0
574 184 576 577 0
577 284 578 579 0
578 185 580 581 0
581 285 582 583 0
582 186 584 585 0
585 286 586 587 0
586 187 588 589 0
589 287 590 591 0
590 188 592 593 0
593 288 594 595 0
594 189 596 597 0
597 289 598 599 0
-1 190 600 601 0
601 290 602 603 0
602 191 604 605 0
605 291 606 607 0
606 192 608 609 0
609 292 610 611 0
610 193 612 613 0
613 293 614 615 0
614 194 616 617 0
617 294 618 619 0
618 195 620 621 0
621 295 622 623 0
622 196 624 625 0
625 296 626 627 0
626 197 628 629 0
629 297 630 631 0
630 198 632 633 0
633 298 634 635 0
634 199 636 637 0
637 299 638 639 0
-1 200 640 641 0
641 300 642 643 0
642 201 644 645 0
645 301 646 647 0
646 202 648 649 0
649 302 650 651 0
650 203 652 653 0
653 303 654 655 0
654 204 656 657 0
657 304 658 659 0
658 205 660 661 0
661 305 662 663 0
662 206 664 665 0
665 306 666 667 0
666 207 668 669 0
669 307 670 671 0
670 208 672 673 0
673 308 674 675 0
674 209 676 677 0
677 309 678 679 0
-1 210 680 681 0
681 310 682 683 0
682 211 684 685 0
685 311 686 687 0
686 212 688 689 0
689 312 690 691 0
690 213 692 693 0
693 313 694 695 0
694 214 696 697 0
697 314 698 699 0
698 215 700 701 0
701 315 702 703 0
702 216 704 705 0
705 316 706 707 0
706 217 708 709 0
709 317 710 711 0
710 218 712 713 0
713 318 714 715 0
714 219 716 717 0
717 319 718 719 0
-1 320 720 740 0
360 324 721 741 0
364 328 722 742 0
368 332 723 743 0
372 336 724 744 0
376 340 725 745 0
380 344 726 746 0
384 348 727 747 0
388 352 728 748 0
392 356 729 749 0
396 358 730 750 0
398 -46 731 751 0
-55 -47 732 752 0
-56 -48 733 753 0
-57 -49 734 754 0
-58 -50 735 755 0
-59 -51 736 756 0
-60 -52 737 757 0
-61 -53 738 758 0
-62 -54 739 759 0
740 721 760 761 0
761 741 762 763 0
762 722 764 765 0
765 742 766 767 0
766 723 768 769 0
769 743 770 771 0
770 724 772 773 0
773 744 774 775 0
774 725 776 777 0
777 745 778 779 0
778 726 780 781 0
781 746 782 783 0
782 727 784 785 0
785 747 786 787 0
786 728 788 789 0
789 748 790 791 0
790 729 792 793 0
793 749 794 795 0
794 730 796 797 0
797 750 798 799 0
798 731 800 801 0
801 751 802 803 0
802 732 804 805 0
805 752 806 807 0
806 733 808 809 0
809 753 810 811 0
810 734 812 813 0
813 754 814 815 0
814 735 816 817 0
817 755 818 819 0
818 736 820 821 0
821 756 822 823 0
822 737 824 825 0
825 757 826 827 0
826 738 828 829 0
829 758 830 831 0
830 739 832 833 0
833 759 834 835 0
-2 720 836 856 0
-3 760 837 857 0
400 764 838 858 0
404 768 839 859 0
408 772 840 860 0
412 776 841 861 0
416 780 842 862 0
420 784 843 863 0
424 788 844 864 0
428 792 845 865 0
432 796 846 866 0
436 800 847 867 0
438 804 848 868 0
-63 808 849 869 0
-64 812 850 870 0
-65 816 851 871 0
-66 820 852 872 0
-67 824 853 873 0
-68 828 854 874 0
-69 832 855 875 0
856 837 876 877 0
877 857 878 879 0
878 838 880 881 0
881 858 882 883 0
882 839 884 885 0
885 859 886 887 0
886 840 888 889 0
889 860 890 891 0
890 841 892 893 0
893 861 894 895 0
894 842 896 897 0
897 862 898 899 0
898 843 900 901 0
901 863 902 903 0
902 844 904 905 0
905 864 906 907 0
906 845 908 909 0
909 865 910 911 0
910 846 912 913 0
913 866 914 915 0
914 847 916 917 0
917 867 918 919 0
918 848 920 921 0
921 868 922 923 0
922 849 924 925 0
925 869 926 927 0
926 850 928 929 0
929 870 930 931 0
930 851 932 933 0
933 871 934 935 0
934 852 936 937 0
937 872 938 939 0
938 853 940 941 0
941 873 942 943 0
942 854 944 945 0
945 874 946 947 0
946 855 948 949 0
949 875 950 951 0
-4 836 952 972 0
-5 876 953 973 0
-6 880 954 974 0
440 884 955 975 0
444 888 956 976 0
448 892 957 977 0
452 896 958 978 0
456 900 959 979 0
460 904 960 980 0
464 908 961 981 0
468 912 962 982 0
472 916 963 983 0
476 920 964 984 0
478 924 965 985 0
-70 928 966 986 0
-71 932 967 987 0
-72 936 968 988 0
-73 940 969 989 0
-74 944 970 990 0
-75 948 971 991 0
972 953 992 993 0
993 973 994 995 0
994 954 996 997 0
997 974 998 999 0
998 955 1000 1001 0
1001 975 1002 1003 0
1002 956 1004 1005 0
1005 976 1006 1007 0
1006 957 1008 1009 0
1009 977 1010 1011 0
1010 958 1012 1013 0
1013 978 1014 1015 0
1014 959 1016 1017 0
1017 979 1018 1019 0
1018 960 1020 1021 0
1021 980 1022 1023 0
1022 961 1024 1025 0
1025 981 1026 1027 0
1026 962 1028 1029 0
1029 982 1030 1031 0
1030 963 1032 1033 0
1033 983 1034 1035 0
1034 964 1036 1037 0
1037 984 1038 1039 0
1038 965 1040 1041 0
1041 985 1042 1043 0
1042 966 1044 1045 0
1045 986 1046 1047 0
1046 967 1048 1049 0
1049 987 1050 1051 0
1050 968 1052 1053 0
1053 988 1054 1055 0
1054 969 1056 1057 0
1057 989 1058 1059 0
1058 970 1060 1061 0
1061 990 1062 1063 0
1062 971 1064 1065 0
1065 991 1066 1067 0
-7 952 1068 1088 0
-8 992 1069 1089 0
-9 996 1070 1090 0
-10 1000 1071 1091 0
480 1004 1072 1092 0
484 1008 1073 1093 0
488 1012 1074 1094 0
492 1016 1075 1095 0
496 1020 1076 1096 0
500 1024 1077 1097 0
504 1028 1078 1098 0
508 1032 1079 1099 0
512 1036 1080 1100 0
516 1040 1081 1101 0
518 1044 1082 1102 0
-76 1048 1083 1103 0
-77 1052 1084 1104 0
-78 1056 1085 1105 0
-79 1060 1086 1106 0
-80 1064 1087 1107 0
1088 1069 1108 1109 0
1109 1089 1110 1111 0
1110 1070 1112 1113 0
1113 1090 1114 1115 0
1114 1071 1116 1117 0
1117 1091 1118 1119 0
1118 1072 1120 1121 0
1121 1092 1122 1123 0
1122 1073 1124 1125 0
1125 1093 1126 1127 0
1126 1074 1128 1129 0
1129 1094 1130 1131 0
1130 1075 1132 1133 0
1133 1095 1134 1135 0
1134 1076 1136 1137 0
1137 1096 1138 1139 0
1138 1077 1140 1141 0
1141 1097 1142 1143 0
1142 1078 1144 1145 0
1145 1098 1146 1147 0
1146 1079 1148 1149 0
1149 1099 1150 1151 0
1150 1080 1152 1153 0
1153 1100 1154 1155 0
1154 1081 1156 1157 0
1157 1101 1158 1159 0
1158 1082 1160 1161 0
1161 1102 1162 1163 0
1162 1083 1164 1165 0
1165 1103 1166 1167 0
1166 1084 1168 1169 0
1169 1104 1170 1171 0
1170 1085 1172 1173 0
1173 1105 1174 1175 0
1174 1086 1176 1177 0
1177 1106 1178 1179 0
1178 1087 1180 1181 0
1181 1107 1182 1183 0
-11 1068 1184 1204 0
-12 1108 1185 1205 0
-13 1112 1186 1206 0
-14 1116 1187 1207 0
-15 1120 1188 1208 0
520 1124 1189 1209 0
524 1128 1190 1210 0
528 1132 1191 1211 0
532 1136 1192 1212 0
536 1140 1193 1213 0
540 1144 1194 1214 0
544 1148 1195 1215 0
548 1152 1196 1216 0
552 1156 1197 1217 0
556 1160 1198 1218 0
558 1164 1199 1219 0
-81 1168 1200 1220 0
-82 1172 1201 1221 0
-83 1176 1202 1222 0
-84 1180 1203 1223 0
1204 1185 1224 1225 0
1225 1205 1226 1227 0
1226 1186 1228 1229 0
1229 1206 1230 1231 0
1230 1187 1232 1233 0
1233 1207 1234 1235 0
1234 1188 1236 1237 0
1237 1208 1238 1239 0
1238 1189 1240 1241 0
1241 1209 1242 1243 0
1242 1190 1244 1245 0
1245 1210 1246 1247 0
1246 1191 1248 1249 0
1249 1211 1250 1251 0
1250 1192 1252 1253 0
1253 1212 1254 1255 0
1254 1193 1256 1257 0
1257 1213 1258 1259 0
1258 1194 1260 1261 0
1261 1214 1262 1263 0
1262 1195 1264 1265 0
1265 1215 1266 1267 0
1266 1196 1268 1269 0
1269 1216 1270 1271 0
1270 1197 1272 1273 0
1273 1217 1274 1275 0
1274 1198 1276 1277 0
1277 1218 1278 1279 0
1278 1199 1280 1281 0
1281 1219 1282 1283 0
1282 1200 1284 1285 0
1285 1220 1286 1287 0
1286 1201 1288 1289 0
1289 1221 1290 1291 0
1290 1202 1292 1293 0
1293 1222 1294 1295 0
1294 1203 1296 1297 0
1297 1223 1298 1299 0
-16 1184 1300 1320 0
-17 1224 1301 1321 0
-18 1228 1302 1322 0
-19 1232 1303 1323 0
-20 1236 1304 1324 0
-21 1240 1305 1325 0
560 1244 1306 1326 0
564 1248 1307 1327 0
568 1252 1308 1328 0
572 1256 1309 1329 0
576 1260 1310 1330 0
580 1264 1311 1331 0
584 1268 1312 1332 0
588 1272 1313 1333 0
592 1276 1314 1334 0
596 1280 1315 1335 0
598 1284 1316 1336 0
-85 1288 1317 1337 0
-86 1292 1318 1338 0
-87 1296 1319 1339 0
1320 1301 1340 1341 0
1341 1321 1342 1343 0
1342 1302 1344 1345 0
1345 1322 1346 1347 0
1346 1303 1348 1349 0
1349 1323 1350 1351 0
1350 1304 1352 1353 0
1353 1324 1354 1355 0
1354 1305 1356 1357 0
1357 1325 1358 1359 0
1358 1306 1360 1361 0
1361 1326 1362 1363 0
1362 1307 1364 1365 0
1365 1327 1366 1367 0
1366 1308 1368 1369 0
1369 1328 1370 1371 0
1370 1309 1372 1373 0
1373 1329 1374 1375 0
1374 1310 1376 1377 0
1377 1330 1378 1379 0
1378 1311 1380 1381 0
1381 1331 1382 1383 0
1382 1312 1384 1385 0
1385 1332 1386 1387 0
1386 1313 1388 1389 0
1389 1333 1390 1391 0
1390 1314 1392 1393 0
1393 1334 1394 1395 0
1394 1315 1396 1397 0
1397 1335 1398 1399 0
1398 1316 1400 1401 0
1401 1336 1402 1403 0
1402 1317 1404 1405 0
1405 1337 1406 1407 0
1406 1318 1408 1409 0
1409 1338 1410 1411 0
1410 1319 1412 1413 0
1413 1339 1414 1415 0
-22 1300 1416 1436 0
-23 1340 1417 1437 0
-24 1344 1418 1438 0
-25 1348 1419 1439 0
-26 1352 1420 1440 0
-27 1356 1421 1441 0
-28 1360 1422 1442 0
600 1364 1423 1443 0
604 1368 1424 1444 0
608 1372 1425 1445 0
612 1376 1426 1446 0
616 1380 1427 1447 0
620 1384 1428 1448 0
624 1388 1429 1449 0
628 1392 1430 1450 0
632 1396 1431 1451 0
636 1400 1432 1452 0
638 1404 1433 1453 0
-88 1408 1434 1454 0
-89 1412 1435 1455 0
1436 1417 1456 1457 0
1457 1437 1458 1459 0
1458 1418 1460 1461 0
1461 1438 1462 1463 0
1462 1419 1464 1465 0
1465 1439 1466 1467 0
1466 1420 1468 1469 0
1469 1440 1470 1471 0
1470 1421 1472 1473 0
1473 1441 1474 1475 0
1474 1422 1476 1477 0
1477 1442 1478 1479 0
1478 1423 1480 1481 0
1481 1443 1482 1483 0
1482 1424 1484 1485 0
1485 1444 1486 1487 0
1486 1425 1488 1489 0
1489 1445 1490 1491 0
1490 1426 1492 1493 0
1493 1446 1494 1495 0
1494 1427 1496 1497 0
1497 1447 1498 1499 0
1498 1428 1500 1501 0
1501 1448 1502 1503 0
1502 1429 1504 1505 0
1505 1449 1506 1507 0
1506 1430 1508 1509 0
1509 1450 1510 1511 0
1510 1431 1512 1513 0
1513 1451 1514 1515 0
1514 1432 1516 1517 0
1517 1452 1518 1519 0
1518 1433 1520 1521 0
1521 1453 1522 1523 0
1522 1434 1524 1525 0
1525 1454 1526 1527 0
1526 1435 1528 1529 0
1529 1455 1530 1531 0
-29 1416 1532 1552 0
-30 1456 1533 1553 0
-31 1460 1534 1554 0
-32 1464 1535 1555 0
-33 1468 1536 1556 0
-34 1472 1537 1557 0
-35 1476 1538 1558 0
-36 1480 1539 1559 0
640 1484 1540 1560 0
644 1488 1541 1561 0
648 1492 1542 1562 0
652 1496 1543 1563 0
656 1500 1544 1564 0
660 1504 1545 1565 0
664 1508 1546 1566 0
668 1512 1547 1567 0
672 1516 1548 1568 0
676 1520 1549 1569 0
678 1524 1550 1570 0
-90 1528 1551 1571 0
1552 1533 1572 1573 0
1573 1553 1574 1575 0
1574 1534 1576 1577 0
1577 1554 1578 1579 0
1578 1535 1580 1581 0
1581 1555 1582 1583 0
1582 1536 1584 1585 0
1585 1556 1586 1587 0
1586 1537 1588 1589 0
1589 1557 1590 1591 0
1590 1538 1592 1593 0
1593 1558 1594 1595 0
1594 1539 1596 1597 0
1597 1559 1598 1599 0
1598 1540 1600 1601 0
1601 1560 1602 1603 0
1602 1541 1604 1605 0
1605 1561 1606 1607 0
1606 1542 1608 1609 0
1609 1562 1610 1611 0
1610 1543 1612 1613 0
1613 1563 1614 1615 0
1614 1544 1616 1617 0
1617 1564 1618 1619 0
1618 1545 1620 1621 0
1621 1565 1622 1623 0
1622 1546 1624 1625 0
1625 1566 1626 1627 0
1626 1547 1628 1629 0
1629 1567 1630 1631 0
1630 1548 1632 1633 0
1633 1568 1634 1635 0
1634 1549 1636 1637 0
1637 1569 1638 1639 0
1638 1550 1640 1641 0
1641 1570 1642 1643 0
1642 1551 1644 1645 0
1645 1571 1646 1647 0
-37 1532 1648 1668 0
-38 1572 1649 1669 0
-39 1576 1650 1670 0
-40 1580 1651 1671 0
-41 1584 1652 1672 0
-42 1588 1653 1673 0
-43 1592 1654 1674 0
-44 1596 1655 1675 0
-45 1600 1656 1676 0
680 1604 1657 1677 0
684 1608 1658 1678 0
688 1612 1659 1679 0
692 1616 1660 1680 0
696 1620 1661 1681 0
700 1624 1662 1682 0
704 1628 1663 1683 0
708 1632 1664 1684 0
712 1636 1665 1685 0
716 1640 1666 1686 0
718 1644 1667 1687 0
1668 1649 1688 1689 0
1689 1669 1690 1691 0
1690 1650 1692 1693 0
1693 1670 1694 1695 0
1694 1651 1696 1697 0
1697 1671 1698 1699 0
1698 1652 1700 1701 0
1701 1672 1702 1703 0
1702 1653 1704 1705 0
1705 1673 1706 1707 0
1706 1654 1708 1709 0
1709 1674 1710 1711 0
1710 1655 1712 1713 0
1713 1675 1714 1715 0
1714 1656 1716 1717 0
1717 1676 1718 1719 0
1718 1657 1720 1721 0
1721 1677 1722 1723 0
1722 1658 1724 1725 0
1725 1678 1726 1727 0
1726 1659 1728 1729 0
1729 1679 1730 1731 0
1730 1660 1732 1733 0
1733 1680 1734 1735 0
1734 1661 1736 1737 0
1737 1681 1738 1739 0
1738 1662 1740 1741 0
1741 1682 1742 1743 0
1742 1663 1744 1745 0
1745 1683 1746 1747 0
1746 1664 1748 1749 0
1749 1684 1750 1751 0
1750 1665 1752 1753 0
1753 1685 1754 1755 0
1754 1666 1756 1757 0
1757 1686 1758 1759 0
1758 1667 1760 1761 0
1761 1687 1762 1763 0
10 30 1764 1864 1
11 30 1765 1865 1
12 30 1766 1866 1
13 30 1767 1867 1
14 30 1768 1868 1
15 30 1769 1869 1
16 30 1770 1870 1
17 30 1771 1871 1
18 30 1772 1872 1
19 30 1773 1873 1
10 31 1774 1874 1
11 31 1775 1875 1
12 31 1776 1876 1
13 31 1777 1877 1
14 31 1778 1878 1
15 31 1779 1879 1
16 31 1780 1880 1
17 31 1781 1881 1
18 31 1782 1882 1
19 31 1783 1883 1
10 32 1784 1884 1
11 32 1785 1885 1
12 32 1786 1886 1
13 32 1787 1887 1
14 32 1788 1888 1
15 32 1789 1889 1
16 32 1790 1890 1
17 32 1791 1891 1
18 32 1792 1892 1
19 32 1793 1893 1
10 33 1794 1894 1
11 33 1795 1895 1
12 33 1796 1896 1
13 33 1797 1897 1
14 33 1798 1898 1
15 33 1799 1899 1
16 33 1800 1900 1
17 33 1801 1901 1
18 33 1802 1902 1
19 33 1803 1903 1
10 34 1804 1904 1
11 34 1805 1905 1
12 34 1806 1906 1
13 34 1807 1907 1
14 34 1808 1908 1
15 34 1809 1909 1
16 34 1810 1910 1
17 34 1811 1911 1
18 34 1812 1912 1
19 34 1813 1913 1
10 35 1814 1914 1
11 35 1815 1915 1
12 35 1816 1916 1
13 35 1817 1917 1
14 35 1818 1918 1
15 35 1819 1919 1
16 35 1820 1920 1
17 35 1821 1921 1
18 35 1822 1922 1
19 35 1823 1923 1
10 36 1824 1924 1
11 36 1825 1925 1
12 36 1826 1926 1
13 36 1827 1927 1
14 36 1828 1928 1
15 36 1829 1929 1
16 36 1830 1930 1
17 36 1831 1931 1
18 36 1832 1932 1
19 36 1833 1933 1
10 37 1834 1934 1
11 37 1835 1935 1
12 37 1836 1936 1
13 37 1837 1937 1
14 37 1838 1938 1
15 37 1839 1939 1
16 37 1840 1940 1
17 37 1841 1941 1
18 37 1842 1942 1
19 37 1843 1943 1
10 38 1844 1944 1
11 38 1845 1945 1
12 38 1846 1946 1
13 38 1847 1947 1
14 38 1848 1948 1
15 38 1849 1949 1
16 38 1850 1950 1
17 38 1851 1951 1
18 38 1852 1952 1
19 38 1853 1953 1
10 39 1854 1954 1
11 39 1855 1955 1
12 39 1856 1956 1
13 39 1857 1957 1
14 39 1858 1958 1
15 39 1859 1959 1
16 39 1860 1960 1
17 39 1861 1961 1
18 39 1862 1962 1
19 39 1863 1963 1
-1 1764 1964 1965 0
1965 1864 1966 1967 0
1966 1765 1968 1969 0
1969 1865 1970 1971 0
1970 1766 1972 1973 0
1973 1866 1974 1975 0
1974 1767 1976 1977 0
1977 1867 1978 1979 0
1978 1768 1980 1981 0
1981 1868 1982 1983 0
1982 1769 1984 1985 0
1985 1869 1986 1987 0
1986 1770 1988 1989 0
1989 1870 1990 1991 0
1990 1771 1992 1993 0
1993 1871 1994 1995 0
1994 1772 1996 1997 0
1997 1872 1998 1999 0
1998 1773 2000 2001 0
2001 1873 2002 2003 0
-1 1774 2004 2005 0
2005 1874 2006 2007 0
2006 1775 2008 2009 0
2009 1875 2010 2011 0
2010 1776 2012 2013 0
2013 1876 2014 2015 0
2014 1777 2016 2017 0
2017 1877 2018 2019 0
2018 1778 2020 2021 0
2021 1878 2022 2023 0
2022 1779 2024 2025 0
2025 1879 2026 2027 0
2026 1780 2028 2029 0
2029 1880 2030 2031 0
2030 1781 2032 2033 0
2033 1881 2034 2035 0
2034 1782 2036 2037 0
2037 1882 2038 2039 0
2038 1783 2040 2041 0
2041 1883 2042 2043 0
-1 1784 2044 2045 0
2045 1884 2046 2047 0
2046 1785 2048 2049 0
2049 1885 2050 2051 0
2050 1786 2052 2053 0
2053 1886 2054 2055 0
2054 1787 2056 2057 0
2057 1887 2058 2059 0
2058 1788 2060 2061 0
2061 1888 2062 2063 0
2062 1789 2064 2065 0
2065 1889 2066 2067 0
2066 1790 2068 2069 0
2069 1890 2070 2071 0
2070 1791 2072 2073 0
2073 1891 2074 2075 0
2074 1792 2076 2077 0
2077 1892 2078 2079 0
2078 1793 2080 2081 0
2081 1893 2082 2083 0
-1 1794 2084 2085 0
2085 1894 2086 2087 0
2086 1795 2088 2089 0
2089 1895 2090 2091 0
2090 1796 2092 2093 0
2093 1896 2094 2095 0
2094 1797 2096 2097 0
2097 1897 2098 2099 0
2098 1798 2100 2101 0
2101 1898 2102 2103 0
2102 1799 2104 2105 0
2105 1899 2106 2107 0
2106 1800 2108 2109 0
2109 1900 2110 2111 0
2110 1801 2112 2113 0
2113 1901 2114 2115 0
2114 1802 2116 2117 0
2117 1902 2118 2119 0
2118 1803 2120 2121 0
2121 1903 2122 2123 0
-1 1804 2124 2125 0
2125 1904 2126 2127 0
2126 1805 2128 2129 0
2129 1905 2130 2131 0
2130 1806 2132 2133 0
2133 1906 2134 2135 0
2134 1807 2136 2137 0
2137 1907 2138 2139 0
2138 1808 2140 2141 0
2141 1908 2142 2143 0
2142 1809 2144 2145 0
2145 1909 2146 2147 0
2146 1810 2148 2149 0
2149 1910 2150 2151 0
2150 1811 2152 2153 0
2153 1911 2154 2155 0
2154 1812 2156 2157 0
2157 1912 2158 2159 0
2158 1813 2160 2161 0
2161 1913 2162 2163 0
-1 1814 2164 2165 0
2165 1914 2166 2167 0
2166 1815 2168 2169 0
2169 1915 2170 2171 0
2170 1816 2172 2173 0
2173 1916 2174 2175 0
2174 1817 2176 2177 0
2177 1917 2178 2179 0
2178 1818 2180 2181 0
2181 1918 2182 2183 0
2182 1819 2184 2185 0
2185 1919 2186 2187 0
2186 1820 2188 2189 0
2189 1920 2190 2191 0
2190 1821 2192 2193 0
2193 1921 2194 2195 0
2194 1822 2196 2197 0
2197 1922 2198 2199 0
2198 1823 2200 2201 0
2201 1923 2202 2203 0
-1 1824 2204 2205 0
2205 1924 2206 2207 0
2206 1825 2208 2209 0
2209 1925 2210 2211 0
2210 1826 2212 2213 0
2213 1926 2214 2215 0
2214 1827 2216 2217 0
2217 1927 2218 2219 0
2218 1828 2220 2221 0
2221 1928 2222 2223 0
2222 1829 2224 2225 0
2225 1929 2226 2227 0
2226 1830 2228 2229 0
2229 1930 2230 2231 0
2230 1831 2232 2233 0
2233 1931 2234 2235 0
2234 1832 2236 2237 0
2237 1932 2238 2239 0
2238 1833 2240 2241 0
2241 1933 2242 2243 0
-1 1834 2244 2245 0
2245 1934 2246 2247 0
2246 1835 2248 2249 0
2249 1935 2250 2251 0
2250 1836 2252 2253 0
2253 1936 2254 2255 0
2254 1837 2256 2257 0
2257 1937 2258 2259 0
2258 1838 2260 2261 0
2261 1938 2262 2263 0
2262 1839 2264 2265 0
2265 1939 2266 2267 0
2266 1840 2268 2269 0
2269 1940 2270 2271 0
2270 1841 2272 2273 0
2273 1941 2274 2275 0
2274 1842 2276 2277 0
2277 1942 2278 2279 0
2278 1843 2280 2281 0
2281 1943 2282 2283 0
-1 1844 2284 2285 0
2285 1944 2286 2287 0
2286 1845 2288 2289 0
2289 1945 2290 2291 0
2290 1846 2292 2293 0
2293 1946 2294 2295 0
2294 1847 2296 2297 0
2297 1947 2298 2299 0
2298 1848 2300 2301 0
2301 1948 2302 2303 0
2302 1849 2304 2305 0
2305 1949 2306 2307 0
2306 1850 2308 2309 0
2309 1950 2310 2311 0
2310 1851 2312 2313 0
2313 1951 2314 2315 0
2314 1852 2316 2317 0
2317 1952 2318 2319 0
2318 1853 2320 2321 0
2321 1953 2322 2323 0
-1 1854 2324 2325 0
2325 1954 2326 2327 0
2326 1855 2328 2329 0
2329 1955 2330 2331 0
2330 1856 2332 2333 0
2333 1956 2334 2335 0
2334 1857 2336 2337 0
2337 1957 2338 2339 0
2338 1858 2340 2341 0
2341 1958 2342 2343 0
2342 1859 2344 2345 0
2345 1959 2346 2347 0
2346 1860 2348 2349 0
2349 1960 2350 2351 0
2350 1861 2352 2353 0
2353 1961 2354 2355 0
2354 1862 2356 2357 0
2357 1962 2358 2359 0
2358 1863 2360 2361 0
2361 1963 2362 2363 0
-91 1964 2364 2384 0
2004 1968 2365 2385 0
2008 1972 2366 2386 0
2012 1976 2367 2387 0
2016 1980 2368 2388 0
2020 1984 2369 2389 0
2024 1988 2370 2390 0
2028 1992 2371 2391 0
2032 1996 2372 2392 0
2036 2000 2373 2393 0
2040 2002 2374 2394 0
2042 -136 2375 2395 0
-145 -137 2376 2396 0
-146 -138 2377 2397 0
-147 -139 2378 2398 0
-148 -140 2379 2399 0
-149 -141 2380 2400 0
-150 -142 2381 2401 0
-151 -143 2382 2402 0
-152 -144 2383 2403 0
2384 2365 2404 2405 0
2405 2385 2406 2407 0
2406 2366 2408 2409 0
2409 2386 2410 2411 0
2410 2367 2412 2413 0
2413 2387 2414 2415 0
2414 2368 2416 2417 0
2417 2388 2418 2419 0
2418 2369 2420 2421 0
2421 2389 2422 2423 0
2422 2370 2424 2425 0
2425 2390 2426 2427 0
2426 2371 2428 2429 0
2429 2391 2430 2431 0
2430 2372 2432 2433 0
2433 2392 2434 2435 0
2434 2373 2436 2437 0
2437 2393 2438 2439 0
2438 2374 2440 2441 0
2441 2394 2442 2443 0
2442 2375 2444 2445 0
2445 2395 2446 2447 0
2446 2376 2448 2449 0
2449 2396 2450 2451 0
2450 2377 2452 2453 0
2453 2397 2454 2455 0
2454 2378 2456 2457 0
2457 2398 2458 2459 0
2458 2379 2460 2461 0
2461 2399 2462 2463 0
2462 2380 2464 2465 0
2465 2400 2466 2467 0
2466 2381 2468 2469 0
2469 2401 2470 2471 0
2470 2382 2472 2473 0
2473 2402 2474 2475 0
2474 2383 2476 2477 0
2477 2403 2478 2479 0
-92 2364 2480 2500 0
-93 2404 2481 2501 0
2044 2408 2482 2502 0
2048 2412 2483 2503 0
2052 2416 2484 2504 0
2056 2420 2485 2505 0
2060 2424 2486 2506 0
2064 2428 2487 2507 0
2068 2432 2488 2508 0
2072 2436 2489 2509 0
2076 2440 2490 2510 0
2080 2444 2491 2511 0
2082 2448 2492 2512 0
-153 2452 2493 2513 0
-154 2456 2494 2514 0
-155 2460 2495 2515 0
-156 2464 2496 2516 0
-157 2468 2497 2517 0
-158 2472 2498 2518 0
-159 2476 2499 2519 0
2500 2481 2520 2521 0
2521 2501 2522 2523 0
2522 2482 2524 2525 0
2525 2502 2526 2527 0
2526 2483 2528 2529 0
2529 2503 2530 2531 0
2530 2484 2532 2533 0
2533 2504 2534 2535 0
2534 2485 2536 2537 0
2537 2505 2538 2539 0
2538 2486 2540 2541 0
2541 2506 2542 2543 0
2542 2487 2544 2545 0
2545 2507 2546 2547 0
2546 2488 2548 2549 0
2549 2508 2550 2551 0
2550 2489 2552 2553 0
2553 2509 2554 2555 0
2554 2490 2556 2557 0
2557 2510 2558 2559 0
2558 2491 2560 2561 0
2561 2511 2562 2563 0
2562 2492 2564 2565 0
2565 2512 2566 2567 0
2566 2493 2568 2569 0
2569 2513 2570 2571 0
2570 2494 2572 2573 0
2573 2514 2574 2575 0
2574 2495 2576 2577 0
2577 2515 2578 2579 0
2578 2496 2580 2581 0
2581 2516 2582 2583 0
2582 2497 2584 2585 0
2585 2517 2586 2587 0
2586 2498 2588 2589 0
2589 2518 2590 2591 0
2590 2499 2592 2593 0
2593 2519 2594 2595 0
-94 2480 2596 2616 0
-95 2520 2597 2617 0
-96 2524 2598 2618 0
2084 2528 2599 2619 0
2088 2532 2600 2620 0
2092 2536 2601 2621 0
2096 2540 2602 2622 0
2100 2544 2603 2623 0
2104 2548 2604 2624 0
2108 2552 2605 2625 0
2112 2556 2606 2626 0
2116 2560 2607 2627 0
2120 2564 2608 2628 0
2122 2568 2609 2629 0
-160 2572 2610 2630 0
-161 2576 2611 2631 0
-162 2580 2612 2632 0
-163 2584 2613 2633 0
-164 2588 2614 2634 0
-165 2592 2615 2635 0
2616 2597 2636 2637 0
2637 2617 2638 2639 0
2638 2598 2640 2641 0
2641 2618 2642 2643 0
2642 2599 2644 2645 0
2645 2619 2646 2647 0
2646 2600 2648 2649 0
2649 2620 2650 2651 0
2650 2601 2652 2653 0
2653 2621 2654 2655 0
2654 2602 2656 2657 0
2657 2622 2658 2659 0
2658 2603 2660 2661 0
2661 2623 2662 2663 0
2662 2604 2664 2665 0
2665 2624 2666 2667 0
2666 2605 2668 2669 0
2669 2625 2670 2671 0
2670 2606 2672 2673 0
2673 2626 2674 2675 0
2674 2607 2676 2677 0
2677 2627 2678 2679 0
2678 2608 2680 2681 0
2681 2628 2682 2683 0
2682 2609 2684 2685 0
2685 2629 2686 2687 0
2686 2610 2688 2689 0
2689 2630 2690 2691 0
2690 2611 2692 2693 0
2693 2631 2694 2695 0
2694 2612 2696 2697 0
2697 2632 2698 2699 0
2698 2613 2700 2701 0
2701 2633 2702 2703 0
2702 2614 2704 2705 0
2705 2634 2706 2707 0
2706 2615 2708 2709 0
2709 2635 2710 2711 0
-97 2596 2712 2732 0
-98 2636 2713 2733 0
-99 2640 2714 2734 0
-100 2644 2715 2735 0
2124 2648 2716 2736 0
2128 2652 2717 2737 0
2132 2656 2718 2738 0
2136 2660 2719 2739 0
2140 2664 2720 2740 0
2144 2668 2721 2741 0
2148 2672 2722 2742 0
2152 2676 2723 2743 0
2156 2680 2724 2744 0
2160 2684 2725 2745 0
2162 2688 2726 2746 0
-166 2692 2727 2747 0
-167 2696 2728 2748 0
-168 2700 2729 2749 0
-169 2704 2730 2750 0
-170 2708 2731 2751 0
2732 2713 2752 2753 0
2753 2733 2754 2755 0
2754 2714 2756 2757 0
2757 2734 2758 2759 0
2758 2715 2760 2761 0
2761 2735 2762 2763 0
2762 2716 2764 2765 0
2765 2736 2766 2767 0
2766 2717 2768 2769 0
2769 2737 2770 2771 0
2770 2718 2772 2773 0
2773 2738 2774 2775 0
2774 2719 2776 2777 0
2777 2739 2778 2779 0
2778 2720 2780 2781 0
2781 2740 2782 2783 0
2782 2721 2784 2785 0
2785 2741 2786 2787 0
2786 2722 2788 2789 0
2789 2742 2790 2791 0
2790 2723 2792 2793 0
2793 2743 2794 2795 0
2794 2724 2796 2797 0
2797 2744 2798 2799 0
2798 2725 2800 2801 0
2801 2745 2802 2803 0
2802 2726 2804 2805 0
2805 2746 2806 2807 0
2806 2727 2808 2809 0
2809 2747 2810 2811 0
2810 2728 2812 2813 0
2813 2748 2814 2815 0
2814 2729 2816 2817 0
2817 2749 2818 2819 0
2818 2730 2820 2821 0
2821 2750 2822 2823 0
2822 2731 2824 2825 0
2825 2751 2826 2827 0
-101 2712 2828 2848 0
-102 2752 2829 2849 0
-103 2756 2830 2850 0
-104 2760 2831 2851 0
-105 2764 2832 2852 0
2164 2768 2833 2853 0
2168 2772 2834 2854 0
2172 2776 2835 2855 0
2176 2780 2836 2856 0
2180 2784 2837 2857 0
2184 2788 2838 2858 0
2188 2792 2839 2859 0
2192 2796 2840 2860 0
2196 2800 2841 2861 0
2200 2804 2842 2862 0
2202 2808 2843 2863 0
-171 2812 2844 2864 0
-172 2816 2845 2865 0
-173 2820 2846 2866 0
-174 2824 2847 2867 0
2848 2829 2868 2869 0
2869 2849 2870 2871 0
2870 2830 2872 2873 0
2873 2850 2874 2875 0
2874 2831 2876 2877 0
2877 2851 2878 2879 0
2878 2832 2880 2881 0
2881 2852 2882 2883 0
2882 2833 2884 2885 0
2885 2853 2886 2887 0
2886 2834 2888 2889 0
2889 2854 2890 2891 0
2890 2835 2892 2893 0
2893 2855 2894 2895 0
2894 2836 2896 2897 0
2897 2856 2898 2899 0
2898 2837 2900 2901 0
2901 2857 2902 2903 0
2902 2838 2904 2905 0
2905 2858 2906 2907 0
2906 2839 2908 2909 0
2909 2859 2910 2911 0
2910 2840 2912 2913 0
2913 2860 2914 2915 0
2914 2841 2916 2917 0
2917 2861 2918 2919 0
2918 2842 2920 2921 0
2921 2862 2922 2923 0
2922 2843 2924 2925 0
2925 2863 2926 2927 0
2926 2844 2928 2929 0
2929 2864 2930 2931 0
2930 2845 2932 2933 0
2933 2865 2934 2935 0
2934 2846 2936 2937 0
2937 2866 2938 2939 0
2938 2847 2940 2941 0
2941 2867 2942 2943 0
-106 2828 2944 2964 0
-107 2868 2945 2965 0
-108 2872 2946 2966 0
-109 2876 2947 2967 0
-110 2880 2948 2968 0
-111 2884 2949 2969 0
2204 2888 2950 2970 0
2208 2892 2951 2971 0
2212 2896 2952 2972 0
2216 2900 2953 2973 0
2220 2904 2954 2974 0
2224 2908 2955 2975 0
2228 2912 2956 2976 0
2232 2916 2957 2977 0
2236 2920 2958 2978 0
2240 2924 2959 2979 0
2242 2928 2960 2980 0
-175 2932 2961 2981 0
-176 2936 2962 2982 0
-177 2940 2963 2983 0
2964 2945 2984 2985 0
2985 2965 2986 2987 0
2986 2946 2988 2989 0
2989 2966 2990 2991 0
2990 2947 2992 2993 0
2993 2967 2994 2995 0
2994 2948 2996 2997 0
2997 2968 2998 2999 0
2998 2949 3000 3001 0
3001 2969 3002 3003 0
3002 2950 3004 3005 0
3005 2970 3006 3007 0
3006 2951 3008 3009 0
3009 2971 3010 3011 0
3010 2952 3012 3013 0
3013 2972 3014 3015 0
3014 2953 3016 3017 0
3017 2973 3018 3019 0
3018 2954 3020 3021 0
3021 2974 3022 3023 0
3022 2955 3024 3025 0
3025 2975 3026 3027 0
3026 2956 3028 3029 0
3029 2976 3030 3031 0
3030 2957 3032 3033 0
3033 2977 3034 3035 0
3034 2958 3036 3037 0
3037 2978 3038 3039 0
3038 2959 3040 3041 0
3041 2979 3042 3043 0
3042 2960 3044 3045 0
3045 2980 3046 3047 0
3046 2961 3048 3049 0
3049 2981 3050 3051 0
3050 2962 3052 3053 0
3053 2982 3054 3055 0
3054 2963 3056 3057 0
3057 2983 3058 3059 0
-112 2944 3060 3080 0
-113 2984 3061 3081 0
-114 2988 3062 3082 0
-115 2992 3063 3083 0
-116 2996 3064 3084 0
-117 3000 3065 3085 0
-118 3004 3066 3086 0
2244 3008 3067 3087 0
2248 3012 3068 3088 0
2252 3016 3069 3089 0
2256 3020 3070 3090 0
2260 3024 3071 3091 0
2264 3028 3072 3092 0
2268 3032 3073 3093 0
2272 3036 3074 3094 0
2276 3040 3075 3095 0
2280 3044 3076 3096 0
2282 3048 3077 3097 0
-178 3052 3078 3098 0
-179 3056 3079 3099 0
3080 3061 3100 3101 0
3101 3081 3102 3103 0
3102 3062 3104 3105 0
3105 3082 3106 3107 0
3106 3063 3108 3109 0
3109 3083 3110 3111 0
3110 3064 3112 3113 0
3113 3084 3114 3115 0
3114 3065 3116 3117 0
3117 3085 3118 3119 0
3118 3066 3120 3121 0
3121 3086 3122 3123 0
3122 3067 3124 3125 0
3125 3087 3126 3127 0
3126 3068 3128 3129 0
3129 3088 3130 3131 0
3130 3069 3132 3133 0
3133 3089 3134 3135 0
3134 3070 3136 3137 0
3137 3090 3138 3139 0
3138 3071 3140 3141 0
3141 3091 3142 3143 0
3142 3072 3144 3145 0
3145 3092 3146 3147 0
3146 3073 3148 3149 0
3149 3093 3150 3151 0
3150 3074 3152 3153 0
3153 3094 3154 3155 0
3154 3075 3156 3157 0
3157 3095 3158 3159 0
3158 3076 3160 3161 0
3161 3096 3162 3163 0
3162 3077 3164 3165 0
3165 3097 3166 3167 0
3166 3078 3168 3169 0
3169 3098 3170 3171 0
3170 3079 3172 3173 0
3173 3099 3174 3175 0
-119 3060 3176 3196 0
-120 3100 3177 3197 0
-121 3104 3178 3198 0
-122 3108 3179 3199 0
-123 3112 3180 3200 0
-124 3116 3181 3201 0
-125 3120 3182 3202 0
-126 3124 3183 3203 0
2284 3128 3184 3204 0
2288 3132 3185 3205 0
2292 3136 3186 3206 0
2296 3140 3187 3207 0
2300 3144 3188 3208 0
2304 3148 3189 3209 0
2308 3152 3190 3210 0
2312 3156 3191 3211 0
2316 3160 3192 3212 0
2320 3164 3193 3213 0
2322 3168 3194 3214 0
-180 3172 3195 3215 0
3196 3177 3216 3217 0
3217 3197 3218 3219 0
3218 3178 3220 3221 0
3221 3198 3222 3223 0
3222 3179 3224 3225 0
3225 3199 3226 3227 0
3226 3180 3228 3229 0
3229 3200 3230 3231 0
3230 3181 3232 3233 0
3233 3201 3234 3235 0
3234 3182 3236 3237 0
3237 3202 3238 3239 0
3238 3183 3240 3241 0
3241 3203 3242 3243 0
3242 3184 3244 3245 0
3245 3204 3246 3247 0
3246 3185 3248 3249 0
3249 3205 3250 3251 0
3250 3186 3252 3253 0
3253 3206 3254 3255 0
3254 3187 3256 3257 0
3257 3207 3258 3259 0
3258 3188 3260 3261 0
3261 3208 3262 3263 0
3262 3189 3264 3265 0
3265 3209 3266 3267 0
3266 3190 3268 3269 0
3269 3210 3270 3271 0
3270 3191 3272 3273 0
3273 3211 3274 3275 0
3274 3192 3276 3277 0
3277 3212 3278 3279 0
3278 3193 3280 3281 0
3281 3213 3282 3283 0
3282 3194 3284 3285 0
3285 3214 3286 3287 0
3286 3195 3288 3289 0
3289 3215 3290 3291 0
-127 3176 3292 3312 0
-128 3216 3293 3313 0
-129 3220 3294 3314 0
-130 3224 3295 3315 0
-131 3228 3296 3316 0
-132 3232 3297 3317 0
-133 3236 3298 3318 0
-134 3240 3299 3319 0
-135 3244 3300 3320 0
2324 3248 3301 3321 0
2328 3252 3302 3322 0
2332 3256 3303 3323 0
2336 3260 3304 3324 0
2340 3264 3305 3325 0
2344 3268 3306 3326 0
2348 3272 3307 3327 0
2352 3276 3308 3328 0
2356 3280 3309 3329 0
2360 3284 3310 3330 0
2362 3288 3311 3331 0
3312 3293 3332 3333 0
3333 3313 3334 3335 0
3334 3294 3336 3337 0
3337 3314 3338 3339 0
3338 3295 3340 3341 0
3341 3315 3342 3343 0
3342 3296 3344 3345 0
3345 3316 3346 3347 0
3346 3297 3348 3349 0
3349 3317 3350 3351 0
3350 3298 3352 3353 0
3353 3318 3354 3355 0
3354 3299 3356 3357 0
3357 3319 3358 3359 0
3358 3300 3360 3361 0
3361 3320 3362 3363 0
3362 3301 3364 3365 0
3365 3321 3366 3367 0
3366 3302 3368 3369 0
3369 3322 3370 3371 0
3370 3303 3372 3373 0
3373 3323 3374 3375 0
3374 3304 3376 3377 0
3377 3324 3378 3379 0
3378 3305 3380 3381 0
3381 3325 3382 3383 0
3382 3306 3384 3385 0
3385 3326 3386 3387 0
3386 3307 3388 3389 0
3389 3327 3390 3391 0
3390 3308 3392 3393 0
3393 3328 3394 3395 0
3394 3309 3396 3397 0
3397 3329 3398 3399 0
3398 3310 3400 3401 0
3401 3330 3402 3403 0
3402 3311 3404 3405 0
3405 3331 3406 3407 0
1648 3292 3408 3428 0
1688 3332 3409 3429 0
1692 3336 3410 3430 0
1696 3340 3411 3431 0
1700 3344 3412 3432 0
1704 3348 3413 3433 0
1708 3352 3414 3434 0
1712 3356 3415 3435 0
1716 3360 3416 3436 0
1720 3364 3417 3437 0
1724 3368 3418 3438 0
1728 3372 3419 3439 0
1732 3376 3420 3440 0
1736 3380 3421 3441 0
1740 3384 3422 3442 0
1744 3388 3423 3443 0
1748 3392 3424 3444 0
1752 3396 3425 3445 0
1756 3400 3426 3446 0
1760 3404 3427 3447 0
3428 3409 3448 3449 0
3449 3429 3450 3451 0
3450 3410 3452 3453 0
3453 3430 3454 3455 0
3454 3411 3456 3457 0
3457 3431 3458 3459 0
3458 3412 3460 3461 0
3461 3432 3462 3463 0
3462 3413 3464 3465 0
3465 3433 3466 3467 0
3466 3414 3468 3469 0
3469 3434 3470 3471 0
3470 3415 3472 3473 0
3473 3435 3474 3475 0
3474 3416 3476 3477 0
3477 3436 3478 3479 0
3478 3417 3480 3481 0
3481 3437 3482 3483 0
3482 3418 3484 3485 0
3485 3438 3486 3487 0
3486 3419 3488 3489 0
3489 3439 3490 3491 0
3490 3420 3492 3493 0
3493 3440 3494 3495 0
3494 3421 3496 3497 0
3497 3441 3498 3499 0
3498 3422 3500 3501 0
3501 3442 3502 3503 0
3502 3423 3504 3505 0
3505 3443 3506 3507 0
3506 3424 3508 3509 0
3509 3444 3510 3511 0
3510 3425 3512 3513 0
3513 3445 3514 3515 0
3514 3426 3516 3517 0
3517 3446 3518 3519 0
3518 3427 3520 3521 0
3521 3447 3522 3523 0
100 3408 3524 3924 1
101 3408 3525 3925 1
102 3408 3526 3926 1
103 3408 3527 3927 1
104 3408 3528 3928 1
105 3408 3529 3929 1
106 3408 3530 3930 1
107 3408 3531 3931 1
108 3408 3532 3932 1
109 3408 3533 3933 1
110 3408 3534 3934 1
111 3408 3535 3935 1
112 3408 3536 3936 1
113 3408 3537 3937 1
114 3408 3538 3938 1
115 3408 3539 3939 1
116 3408 3540 3940 1
117 3408 3541 3941 1
118 3408 3542 3942 1
119 3408 3543 3943 1
100 3448 3544 3944 1
101 3448 3545 3945 1
102 3448 3546 3946 1
103 3448 3547 3947 1
104 3448 3548 3948 1
105 3448 3549 3949 1
106 3448 3550 3950 1
107 3448 3551 3951 1
108 3448 3552 3952 1
109 3448 3553 3953 1
110 3448 3554 3954 1
111 3448 3555 3955 1
112 3448 3556 3956 1
113 3448 3557 3957 1
114 3448 3558 3958 1
115 3448 3559 3959 1
116 3448 3560 3960 1
117 3448 3561 3961 1
118 3448 3562 3962 1
119 3448 3563 3963 1
100 3452 3564 3964 1
101 3452 3565 3965 1
102 3452 3566 3966 1
103 3452 3567 3967 1
104 3452 3568 3968 1
105 3452 3569 3969 1
106 3452 3570 3970 1
107 3452 3571 3971 1
108 3452 3572 3972 1
109 3452 3573 3973 1
110 3452 3574 3974 1
111 3452 3575 3975 1
112 3452 3576 3976 1
113 3452 3577 3977 1
114 3452 3578 3978 1
115 3452 3579 3979 1
116 3452 3580 3980 1
117 3452 3581 3981 1
118 3452 3582 3982 1
119 3452 3583 3983 1
100 3456 3584 3984 1
101 3456 3585 3985 1
102 3456 3586 3986 1
103 3456 3587 3987 1
104 3456 3588 3988 1
105 3456 3589 3989 1
106 3456 3590 3990 1
107 3456 3591 3991 1
108 3456 3592 3992 1
109 3456 3593 3993 1
110 3456 3594 3994 1
111 3456 3595 3995 1
112 3456 3596 3996 1
113 3456 3597 3997 1
114 3456 3598 3998 1
115 3456 3599 3999 1
116 3456 3600 4000 1
117 3456 3601 4001 1
118 3456 3602 4002 1
119 3456 3603 4003 1
100 3460 3604 4004 1
101 3460 3605 4005 1
102 3460 3606 4006 1
103 3460 3607 4007 1
104 3460 3608 4008 1
105 3460 3609 4009 1
106 3460 3610 4010 1
107 3460 3611 4011 1
108 3460 3612 4012 1
109 3460 3613 4013 1
110 3460 3614 4014 1
111 3460 3615 4015 1
112 3460 3616 4016 1
113 3460 3617 4017 1
114 3460 3618 4018 1
115 3460 3619 4019 1
116 3460 3620 4020 1
117 3460 3621 4021 1
118 3460 3622 4022 1
119 3460 3623 4023 1
100 3464 3624 4024 1
101 3464 3625 4025 1
102 3464 3626 4026 1
103 3464 3627 4027 1
104 3464 3628 4028 1
105 3464 3629 4029 1
106 3464 3630 4030 1
107 3464 3631 4031 1
108 3464 3632 4032 1
109 3464 3633 4033 1
110 3464 3634 4034 1
111 3464 3635 4035 1
112 3464 3636 4036 1
113 3464 3637 4037 1
114 3464 3638 4038 1
115 3464 3639 4039 1
116 3464 3640 4040 1
117 3464 3641 4041 1
118 3464 3642 4042 1
119 3464 3643 4043 1
100 3468 3644 4044 1
101 3468 3645 4045 1
102 3468 3646 4046 1
103 3468 3647 4047 1
104 3468 3648 4048 1
105 3468 3649 4049 1
106 3468 3650 4050 1
107 3468 3651 4051 1
108 3468 3652 4052 1
109 3468 3653 4053 1
110 3468 3654 4054 1
111 3468 3655 4055 1
112 3468 3656 4056 1
113 3468 3657 4057 1
114 3468 3658 4058 1
115 3468 3659 4059 1
116 3468 3660 4060 1
117 3468 3661 4061 1
118 3468 3662 4062 1
119 3468 3663 4063 1
100 3472 3664 4064 1
101 3472 3665 4065 1
102 3472 3666 4066 1
103 3472 3667 4067 1
104 3472 3668 4068 1
105 3472 3669 4069 1
106 3472 3670 4070 1
107 3472 3671 4071 1
108 3472 3672 4072 1
109 3472 3673 4073 1
110 3472 3674 4074 1
111 3472 3675 4075 1
112 3472 3676 4076 1
113 3472 3677 4077 1
114 3472 3678 4078 1
115 3472 3679 4079 1
116 3472 3680 4080 1
117 3472 3681 4081 1
118 3472 3682 4082 1
119 3472 3683 4083 1
100 3476 3684 4084 1
101 3476 3685 4085 1
102 3476 3686 4086 1
103 3476 3687 4087 1
104 3476 3688 4088 1
105 3476 3689 4089 1
106 3476 3690 4090 1
107 3476 3691 4091 1
108 3476 3692 4092 1
109 3476 3693 4093 1
110 3476 3694 4094 1
111 3476 3695 4095 1
112 3476 3696 4096 1
113 3476 3697 4097 1
114 3476 3698 4098 1
115 3476 3699 4099 1
116 3476 3700 4100 1
117 3476 3701 4101 1
118 3476 3702 4102 1
119 3476 3703 4103 1
100 3480 3704 4104 1
101 3480 3705 4105 1
102 3480 3706 4106 1
103 3480 3707 4107 1
104 3480 3708 4108 1
105 3480 3709 4109 1
106 3480 3710 4110 1
107 3480 3711 4111 1
108 3480 3712 4112 1
109 3480 3713 4113 1
110 3480 3714 4114 1
111 3480 3715 4115 1
112 3480 3716 4116 1
113 3480 3717 4117 1
114 3480 3718 4118 1
115 3480 3719 4119 1
116 3480 3720 4120 1
117 3480 3721 4121 1
118 3480 3722 4122 1
119 3480 3723 4123 1
100 3484 3724 4124 1
101 3484 3725 4125 1
102 3484 3726 4126 1
103 3484 3727 4127 1
104 3484 3728 4128 1
105 3484 3729 4129 1
106 3484 3730 4130 1
107 3484 3731 4131 1
108 3484 3732 4132 1
109 3484 3733 4133 1
110 3484 3734 4134 1
111 3484 3735 4135 1
112 3484 3736 4136 1
113 3484 3737 4137 1
114 3484 3738 4138 1
115 3484 3739 4139 1
116 3484 3740 4140 1
117 3484 3741 4141 1
118 3484 3742 4142 1
119 3484 3743 4143 1
100 3488 3744 4144 1
101 3488 3745 4145 1
102 3488 3746 4146 1
103 3488 3747 4147 1
104 3488 3748 4148 1
105 3488 3749 4149 1
106 3488 3750 4150 1
107 3488 3751 4151 1
108 3488 3752 4152 1
109 3488 3753 4153 1
110 3488 3754 4154 1
111 3488 3755 4155 1
112 3488 3756 4156 1
113 3488 3757 4157 1
114 3488 3758 4158 1
115 3488 3759 4159 1
116 3488 3760 4160 1
117 3488 3761 4161 1
118 3488 3762 4162 1
119 3488 3763 4163 1
100 3492 3764 4164 1
101 3492 3765 4165 1
102 3492 3766 4166 1
103 3492 3767 4167 1
104 3492 3768 4168 1
105 3492 3769 4169 1
106 3492 3770 4170 1
107 3492 3771 4171 1
108 3492 3772 4172 1
109 3492 3773 4173 1
110 3492 3774 4174 1
111 3492 3775 4175 1
112 3492 3776 4176 1
113 3492 3777 4177 1
114 3492 3778 4178 1
115 3492 3779 4179 1
116 3492 3780 4180 1
117 3492 3781 4181 1
118 3492 3782 4182 1
119 3492 3783 4183 1
100 3496 3784 4184 1
101 3496 3785 4185 1
102 3496 3786 4186 1
103 3496 3787 4187 1
104 3496 3788 4188 1
105 3496 3789 4189 1
106 3496 3790 4190 1
107 3496 3791 4191 1
108 3496 3792 4192 1
109 3496 3793 4193 1
110 3496 3794 4194 1
111 3496 3795 4195 1
112 3496 3796 4196 1
113 3496 3797 4197 1
114 3496 3798 4198 1
115 3496 3799 4199 1
116 3496 3800 4200 1
117 3496 3801 4201 1
118 3496 3802 4202 1
119 3496 3803 4203 1
100 3500 3804 4204 1
101 3500 3805 4205 1
102 3500 3806 4206 1
103 3500 3807 4207 1
104 3500 3808 4208 1
105 3500 3809 4209 1
106 3500 3810 4210 1
107 3500 3811 4211 1
108 3500 3812 4212 1
109 3500 3813 4213 1
110 3500 3814 4214 1
111 3500 3815 4215 1
112 3500 3816 4216 1
113 3500 3817 4217 1
114 3500 3818 4218 1
115 3500 3819 4219 1
116 3500 3820 4220 1
117 3500 3821 4221 1
118 3500 3822 4222 1
119 3500 3823 4223 1
100 3504 3824 4224 1
101 3504 3825 4225 1
102 3504 3826 4226 1
103 3504 3827 4227 1
104 3504 3828 4228 1
105 3504 3829 4229 1
106 3504 3830 4230 1
107 3504 3831 4231 1
108 3504 3832 4232 1
109 3504 3833 4233 1
110 3504 3834 4234 1
111 3504 3835 4235 1
112 3504 3836 4236 1
113 3504 3837 4237 1
114 3504 3838 4238 1
115 3504 3839 4239 1
116 3504 3840 4240 1
117 3504 3841 4241 1
118 3504 3842 4242 1
119 3504 3843 4243 1
100 3508 3844 4244 1
101 3508 3845 4245 1
102 3508 3846 4246 1
103 3508 3847 4247 1
104 3508 3848 4248 1
105 3508 3849 4249 1
106 3508 3850 4250 1
107 3508 3851 4251 1
108 3508 3852 4252 1
109 3508 3853 4253 1
110 3508 3854 4254 1
111 3508 3855 4255 1
112 3508 3856 4256 1
113 3508 3857 4257 1
114 3508 3858 4258 1
115 3508 3859 4259 1
116 3508 3860 4260 1
117 3508 3861 4261 1
118 3508 3862 4262 1
119 3508 3863 4263 1
100 3512 3864 4264 1
101 3512 3865 4265 1
102 3512 3866 4266 1
103 3512 3867 4267 1
104 3512 3868 4268 1
105 3512 3869 4269 1
106 3512 3870 4270 1
107 3512 3871 4271 1
108 3512 3872 4272 1
109 3512 3873 4273 1
110 3512 3874 4274 1
111 3512 3875 4275 1
112 3512 3876 4276 1
113 3512 3877 4277 1
114 3512 3878 4278 1
115 3512 3879 4279 1
116 3512 3880 4280 1
117 3512 3881 4281 1
118 3512 3882 4282 1
119 3512 3883 4283 1
100 3516 3884 4284 1
101 3516 3885 4285 1
102 3516 3886 4286 1
103 3516 3887 4287 1
104 3516 3888 4288 1
105 3516 3889 4289 1
106 3516 3890 4290 1
107 3516 3891 4291 1
108 3516 3892 4292 1
109 3516 3893 4293 1
110 3516 3894 4294 1
111 3516 3895 4295 1
112 3516 3896 4296 1
113 3516 3897 4297 1
114 3516 3898 4298 1
115 3516 3899 4299 1
116 3516 3900 4300 1
117 3516 3901 4301 1
118 3516 3902 4302 1
119 3516 3903 4303 1
100 3520 3904 4304 1
101 3520 3905 4305 1
102 3520 3906 4306 1
103 3520 3907 4307 1
104 3520 3908 4308 1
105 3520 3909 4309 1
106 3520 3910 4310 1
107 3520 3911 4311 1
108 3520 3912 4312 1
109 3520 3913 4313 1
110 3520 3914 4314 1
111 3520 3915 4315 1
112 3520 3916 4316 1
113 3520 3917 4317 1
114 3520 3918 4318 1
115 3520 3919 4319 1
116 3520 3920 4320 1
117 3520 3921 4321 1
118 3520 3922 4322 1
119 3520 3923 4323 1
-1 3524 4324 4325 0
4325 3924 4326 4327 0
4326 3525 4328 4329 0
4329 3925 4330 4331 0
4330 3526 4332 4333 0
4333 3926 4334 4335 0
4334 3527 4336 4337 0
4337 3927 4338 4339 0
4338 3528 4340 4341 0
4341 3928 4342 4343 0
4342 3529 4344 4345 0
4345 3929 4346 4347 0
4346 3530 4348 4349 0
4349 3930 4350 4351 0
4350 3531 4352 4353 0
4353 3931 4354 4355 0
4354 3532 4356 4357 0
4357 3932 4358 4359 0
4358 3533 4360 4361 0
4361 3933 4362 4363 0
4362 3534 4364 4365 0
4365 3934 4366 4367 0
4366 3535 4368 4369 0
4369 3935 4370 4371 0
4370 3536 4372 4373 0
4373 3936 4374 4375 0
4374 3537 4376 4377 0
4377 3937 4378 4379 0
4378 3538 4380 4381 0
4381 3938 4382 4383 0
4382 3539 4384 4385 0
4385 3939 4386 4387 0
4386 3540 4388 4389 0
4389 3940 4390 4391 0
4390 3541 4392 4393 0
4393 3941 4394 4395 0
4394 3542 4396 4397 0
4397 3942 4398 4399 0
4398 3543 4400 4401 0
4401 3943 4402 4403 0
-1 3544 4404 4405 0
4405 3944 4406 4407 0
4406 3545 4408 4409 0
4409 3945 4410 4411 0
4410 3546 4412 4413 0
4413 3946 4414 4415 0
4414 3547 4416 4417 0
4417 3947 4418 4419 0
4418 3548 4420 4421 0
4421 3948 4422 4423 0
4422 3549 4424 4425 0
4425 3949 4426 4427 0
4426 3550 4428 4429 0
4429 3950 4430 4431 0
4430 3551 4432 4433 0
4433 3951 4434 4435 0
4434 3552 4436 4437 0
4437 3952 4438 4439 0
4438 3553 4440 4441 0
4441 3953 4442 4443 0
4442 3554 4444 4445 0
4445 3954 4446 4447 0
4446 3555 4448 4449 0
4449 3955 4450 4451 0
4450 3556 4452 4453 0
4453 3956 4454 4455 0
4454 3557 4456 4457 0
4457 3957 4458 4459 0
4458 3558 4460 4461 0
4461 3958 4462 4463 0
4462 3559 4464 4465 0
4465 3959 4466 4467 0
4466 3560 4468 4469 0
4469 3960 4470 4471 0
4470 3561 4472 4473 0
4473 3961 4474 4475 0
4474 3562 4476 4477 0
4477 3962 4478 4479 0
4478 3563 4480 4481 0
4481 3963 4482 4483 0
-1 3564 4484 4485 0
4485 3964 4486 4487 0
4486 3565 4488 4489 0
4489 3965 4490 4491 0
4490 3566 4492 4493 0
4493 3966 4494 4495 0
4494 3567 4496 4497 0
4497 3967 4498 4499 0
4498 3568 4500 4501 0
4501 3968 4502 4503 0
4502 3569 4504 4505 0
4505 3969 4506 4507 0
4506 3570 4508 4509 0
4509 3970 4510 4511 0
4510 3571 4512 4513 0
4513 3971 4514 4515 0
4514 3572 4516 4517 0
4517 3972 4518 4519 0
4518 3573 4520 4521 0
4521 3973 4522 4523 0
4522 3574 4524 4525 0
4525 3974 4526 4527 0
4526 3575 4528 4529 0
4529 3975 4530 4531 0
4530 3576 4532 4533 0
4533 3976 4534 4535 0
4534 3577 4536 4537 0
4537 3977 4538 4539 0
4538 3578 4540 4541 0
4541 3978 4542 4543 0
4542 3579 4544 4545 0
4545 3979 4546 4547 0
4546 3580 4548 4549 0
4549 3980 4550 4551 0
4550 3581 4552 4553 0
4553 3981 4554 4555 0
4554 3582 4556 4557 0
4557 3982 4558 4559 0
4558 3583 4560 4561 0
4561 3983 4562 4563 0
-1 3584 4564 4565 0
4565 3984 4566 4567 0
4566 3585 4568 4569 0
4569 3985 4570 4571 0
4570 3586 4572 4573 0
4573 3986 4574 4575 0
4574 3587 4576 4577 0
4577 3987 4578 4579 0
4578 3588 4580 4581 0
4581 3988 4582 4583 0
4582 3589 4584 4585 0
4585 3989 4586 4587 0
4586 3590 4588 4589 0
4589 3990 4590 4591 0
4590 3591 4592 4593 0
4593 3991 4594 4595 0
4594 3592 4596 4597 0
4597 3992 4598 4599 0
4598 3593 4600 4601 0
4601 3993 4602 4603 0
4602 3594 4604 4605 0
4605 3994 4606 4607 0
4606 3595 4608 4609 0
4609 3995 4610 4611 0
4610 3596 4612 4613 0
4613 3996 4614 4615 0
4614 3597 4616 4617 0
4617 3997 4618 4619 0
4618 3598 4620 4621 0
4621 3998 4622 4623 0
4622 3599 4624 4625 0
4625 3999 4626 4627 0
4626 3600 4628 4629 0
4629 4000 4630 4631 0
4630 3601 4632 4633 0
4633 4001 4634 4635 0
4634 3602 4636 4637 0
4637 4002 4638 4639 0
4638 3603 4640 4641 0
4641 4003 4642 4643 0
-1 3604 4644 4645 0
4645 4004 4646 4647 0
4646 3605 4648 4649 0
4649 4005 4650 4651 0
4650 3606 4652 4653 0
4653 4006 4654 4655 0
4654 3607 4656 4657 0
4657 4007 4658 4659 0
4658 3608 4660 4661 0
4661 4008 4662 4663 0
4662 3609 4664 4665 0
4665 4009 4666 4667 0
4666 3610 4668 4669 0
4669 4010 4670 4671 0
4670 3611 4672 4673 0
4673 4011 4674 4675 0
4674 3612 4676 4677 0
4677 4012 4678 4679 0
4678 3613 4680 4681 0
4681 4013 4682 4683 0
4682 3614 4684 4685 0
4685 4014 4686 4687 0
4686 3615 4688 4689 0
4689 4015 4690 4691 0
4690 3616 4692 4693 0
4693 4016 4694 4695 0
4694 3617 4696 4697 0
4697 4017 4698 4699 0
4698 3618 4700 4701 0
4701 4018 4702 4703 0
4702 3619 4704 4705 0
4705 4019 4706 4707 0
4706 3620 4708 4709 0
4709 4020 4710 4711 0
4710 3621 4712 4713 0
4713 4021 4714 4715 0
4714 3622 4716 4717 0
4717 4022 4718 4719 0
4718 3623 4720 4721 0
4721 4023 4722 4723 0
-1 3624 4724 4725 0
4725 4024 4726 4727 0
4726 3625 4728 4729 0
4729 4025 4730 4731 0
4730 3626 4732 4733 0
4733 4026 4734 4735 0
4734 3627 4736 4737 0
4737 4027 4738 4739 0
4738 3628 4740 4741 0
4741 4028 4742 4743 0
4742 3629 4744 4745 0
4745 4029 4746 4747 0
4746 3630 4748 4749 0
4749 4030 4750 4751 0
4750 3631 4752 4753 0
4753 4031 4754 4755 0
4754 3632 4756 4757 0
4757 4032 4758 4759 0
4758 3633 4760 4761 0
4761 4033 4762 4763 0
4762 3634 4764 4765 0
4765 4034 4766 4767 0
4766 3635 4768 4769 0
4769 4035 4770 4771 0
4770 3636 4772 4773 0
4773 4036 4774 4775 0
4774 3637 4776 4777 0
4777 4037 4778 4779 0
4778 3638 4780 4781 0
4781 4038 4782 4783 0
4782 3639 4784 4785 0
4785 4039 4786 4787 0
4786 3640 4788 4789 0
4789 4040 4790 4791 0
4790 3641 4792 4793 0
4793 4041 4794 4795 0
4794 3642 4796 4797 0
4797 4042 4798 4799 0
4798 3643 4800 4801 0
4801 4043 4802 4803 0
-1 3644 4804 4805 0
4805 4044 4806 4807 0
4806 3645 4808 4809 0
4809 4045 4810 4811 0
4810 3646 4812 4813 0
4813 4046 4814 4815 0
4814 3647 4816 4817 0
4817 4047 4818 4819 0
4818 3648 4820 4821 0
4821 4048 4822 4823 0
4822 3649 4824 4825 0
4825 4049 4826 4827 0
4826 3650 4828 4829 0
4829 4050 4830 4831 0
4830 3651 4832 4833 0
4833 4051 4834 4835 0
4834 3652 4836 4837 0
4837 4052 4838 4839 0
4838 3653 4840 4841 0
4841 4053 4842 4843 0
4842 3654 4844 4845 0
4845 4054 4846 4847 0
4846 3655 4848 4849 0
4849 4055 4850 4851 0
4850 3656 4852 4853 0
4853 4056 4854 4855 0
4854 3657 4856 4857 0
4857 4057 4858 4859 0
4858 3658 4860 4861 0
4861 4058 4862 4863 0
4862 3659 4864 4865 0
4865 4059 4866 4867 0
4866 3660 4868 4869 0
4869 4060 4870 4871 0
4870 3661 4872 4873 0
4873 4061 4874 4875 0
4874 3662 4876 4877 0
4877 4062 4878 4879 0
4878 3663 4880 4881 0
4881 4063 4882 4883 0
-1 3664 4884 4885 0
4885 4064 4886 4887 0
4886 3665 4888 4889 0
4889 4065 4890 4891 0
4890 3666 4892 4893 0
4893 4066 4894 4895 0
4894 3667 4896 4897 0
4897 4067 4898 4899 0
4898 3668 4900 4901 0
4901 4068 4902 4903 0
4902 3669 4904 4905 0
4905 4069 4906 4907 0
4906 3670 4908 4909 0
4909 4070 4910 4911 0
4910 3671 4912 4913 0
4913 4071 4914 4915 0
4914 3672 4916 4917 0
4917 4072 4918 4919 0
4918 3673 4920 4921 0
4921 4073 4922 4923 0
4922 3674 4924 4925 0
4925 4074 4926 4927 0
4926 3675 4928 4929 0
4929 4075 4930 4931 0
4930 3676 4932 4933 0
4933 4076 4934 4935 0
4934 3677 4936 4937 0
4937 4077 4938 4939 0
4938 3678 4940 4941 0
4941 4078 4942 4943 0
4942 3679 4944 4945 0
4945 4079 4946 4947 0
4946 3680 4948 4949 0
4949 4080 4950 4951 0
4950 3681 4952 4953 0
4953 4081 4954 4955 0
4954 3682 4956 4957 0
4957 4082 4958 4959 0
4958 3683 4960 4961 0
4961 4083 4962 4963 0
-1 3684 4964 4965 0
4965 4084 4966 4967 0
4966 3685 4968 4969 0
4969 4085 4970 4971 0
4970 3686 4972 4973 0
4973 4086 4974 4975 0
4974 3687 4976 4977 0
4977 4087 4978 4979 0
4978 3688 4980 4981 0
4981 4088 4982 4983 0
4982 3689 4984 4985 0
4985 4089 4986 4987 0
4986 3690 4988 4989 0
4989 4090 4990 4991 0
4990 3691 4992 4993 0
4993 4091 4994 4995 0
4994 3692 4996 4997 0
4997 4092 4998 4999 0
4998 3693 5000 5001 0
5001 4093 5002 5003 0
5002 3694 5004 5005 0
5005 4094 5006 5007 0
5006 3695 5008 5009 0
5009 4095 5010 5011 0
5010 3696 5012 5013 0
5013 4096 5014 5015 0
5014 3697 5016 5017 0
5017 4097 5018 5019 0
5018 3698 5020 5021 0
5021 4098 5022 5023 0
5022 3699 5024 5025 0
5025 4099 5026 5027 0
5026 3700 5028 5029 0
5029 4100 5030 5031 0
5030 3701 5032 5033 0
5033 4101 5034 5035 0
5034 3702 5036 5037 0
5037 4102 5038 5039 0
5038 3703 5040 5041 0
5041 4103 5042 5043 0
-1 3704 5044 5045 0
5045 4104 5046 5047 0
5046 3705 5048 5049 0
5049 4105 5050 5051 0
5050 3706 5052 5053 0
5053 4106 5054 5055 0
5054 3707 5056 5057 0
5057 4107 5058 5059 0
5058 3708 5060 5061 0
5061 4108 5062 5063 0
5062 3709 5064 5065 0
5065 4109 5066 5067 0
5066 3710 5068 5069 0
5069 4110 5070 5071 0
5070 3711 5072 5073 0
5073 4111 5074 5075 0
5074 3712 5076 5077 0
5077 4112 5078 5079 0
5078 3713 5080 5081 0
5081 4113 5082 5083 0
5082 3714 5084 5085 0
5085 4114 5086 5087 0
5086 3715 5088 5089 0
5089 4115 5090 5091 0
5090 3716 5092 5093 0
5093 4116 5094 5095 0
5094 3717 5096 5097 0
5097 4117 5098 5099 0
5098 3718 5100 5101 0
5101 4118 5102 5103 0
5102 3719 5104 5105 0
5105 4119 5106 5107 0
5106 3720 5108 5109 0
5109 4120 5110 5111 0
5110 3721 5112 5113 0
5113 4121 5114 5115 0
5114 3722 5116 5117 0
5117 4122 5118 5119 0
5118 3723 5120 5121 0
5121 4123 5122 5123 0
-1 3724 5124 5125 0
5125 4124 5126 5127 0
5126 3725 5128 5129 0
5129 4125 5130 5131 0
5130 3726 5132 5133 0
5133 4126 5134 5135 0
5134 3727 5136 5137 0
5137 4127 5138 5139 0
5138 3728 5140 5141 0
5141 4128 5142 5143 0
5142 3729 5144 5145 0
5145 4129 5146 5147 0
5146 3730 5148 5149 0
5149 4130 5150 5151 0
5150 3731 5152 5153 0
5153 4131 5154 5155 0
5154 3732 5156 5157 0
5157 4132 5158 5159 0
5158 3733 5160 5161 0
5161 4133 5162 5163 0
5162 3734 5164 5165 0
5165 4134 5166 5167 0
5166 3735 5168 5169 0
5169 4135 5170 5171 0
5170 3736 5172 5173 0
5173 4136 5174 5175 0
5174 3737 5176 5177 0
5177 4137 5178 5179 0
5178 3738 5180 5181 0
5181 4138 5182 5183 0
5182 3739 5184 5185 0
5185 4139 5186 5187 0
5186 3740 5188 5189 0
5189 4140 5190 5191 0
5190 3741 5192 5193 0
5193 4141 5194 5195 0
5194 3742 5196 5197 0
5197 4142 5198 5199 0
5198 3743 5200 5201 0
5201 4143 5202 5203 0
-1 3744 5204 5205 0
5205 4144 5206 5207 0
5206 3745 5208 5209 0
5209 4145 5210 5211 0
5210 3746 5212 5213 0
5213 4146 5214 5215 0
5214 3747 5216 5217 0
5217 4147 5218 5219 0
5218 3748 5220 5221 0
5221 4148 5222 5223 0
5222 3749 5224 5225 0
5225 4149 5226 5227 0
5226 3750 5228 5229 0
5229 4150 5230 5231 0
5230 3751 5232 5233 0
5233 4151 5234 5235 0
5234 3752 5236 5237 0
5237 4152 5238 5239 0
5238 3753 5240 5241 0
5241 4153 5242 5243 0
5242 3754 5244 5245 0
5245 4154 5246 5247 0
5246 3755 5248 5249 0
5249 4155 5250 5251 0
5250 3756 5252 5253 0
5253 4156 5254 5255 0
5254 3757 5256 5257 0
5257 4157 5258 5259 0
5258 3758 5260 5261 0
5261 4158 5262 5263 0
5262 3759 5264 5265 0
5265 4159 5266 5267 0
5266 3760 5268 5269 0
5269 4160 5270 5271 0
5270 3761 5272 5273 0
5273 4161 5274 5275 0
5274 3762 5276 5277 0
5277 4162 5278 5279 0
5278 3763 5280 5281 0
5281 4163 5282 5283 0
-1 3764 5284 5285 0
5285 4164 5286 5287 0
5286 3765 5288 5289 0
5289 4165 5290 5291 0
5290 3766 5292 5293 0
5293 4166 5294 5295 0
5294 3767 5296 5297 0
5297 4167 5298 5299 0
5298 3768 5300 5301 0
5301 4168 5302 5303 0
5302 3769 5304 5305 0
5305 4169 5306 5307 0
5306 3770 5308 5309 0
5309 4170 5310 5311 0
5310 3771 5312 5313 0
5313 4171 5314 5315 0
5314 3772 5316 5317 0
5317 4172 5318 5319 0
5318 3773 5320 5321 0
5321 4173 5322 5323 0
5322 3774 5324 5325 0
5325 4174 5326 5327 0
5326 3775 5328 5329 0
5329 4175 5330 5331 0
5330 3776 5332 5333 0
5333 4176 5334 5335 0
5334 3777 5336 5337 0
5337 4177 5338 5339 0
5338 3778 5340 5341 0
5341 4178 5342 5343 0
5342 3779 5344 5345 0
5345 4179 5346 5347 0
5346 3780 5348 5349 0
5349 4180 5350 5351 0
5350 3781 5352 5353 0
5353 4181 5354 5355 0
5354 3782 5356 5357 0
5357 4182 5358 5359 0
5358 3783 5360 5361 0
5361 4183 5362 5363 0
-1 3784 5364 5365 0
5365 4184 5366 5367 0
5366 3785 5368 5369 0
5369 4185 5370 5371 0
5370 3786 5372 5373 0
5373 4186 5374 5375 0
5374 3787 5376 5377 0
5377 4187 5378 5379 0
5378 3788 5380 5381 0
5381 4188 5382 5383 0
5382 3789 5384 5385 0
5385 4189 5386 5387 0
5386 3790 5388 5389 0
5389 4190 5390 5391 0
5390 3791 5392 5393 0
5393 4191 5394 5395 0
5394 3792 5396 5397 0
5397 4192 5398 5399 0
5398 3793 5400 5401 0
5401 4193 5402 5403 0
5402 3794 5404 5405 0
5405 4194 5406 5407 0
5406 3795 5408 5409 0
5409 4195 5410 5411 0
5410 3796 5412 5413 0
5413 4196 5414 5415 0
5414 3797 5416 5417 0
5417 4197 5418 5419 0
5418 3798 5420 5421 0
5421 4198 5422 5423 0
5422 3799 5424 5425 0
5425 4199 5426 5427 0
5426 3800 5428 5429 0
5429 4200 5430 5431 0
5430 3801 5432 5433 0
5433 4201 5434 5435 0
5434 3802 5436 5437 0
5437 4202 5438 5439 0
5438 3803 5440 5441 0
5441 4203 5442 5443 0
-1 3804 5444 5445 0
5445 4204 5446 5447 0
5446 3805 5448 5449 0
5449 4205 5450 5451 0
5450 3806 5452 5453 0
5453 4206 5454 5455 0
5454 3807 5456 5457 0
5457 4207 5458 5459 0
5458 3808 5460 5461 0
5461 4208 5462 5463 0
5462 3809 5464 5465 0
5465 4209 5466 5467 0
5466 3810 5468 5469 0
5469 4210 5470 5471 0
5470 3811 5472 5473 0
5473 4211 5474 5475 0
5474 3812 5476 5477 0
5477 4212 5478 5479 0
5478 3813 5480 5481 0
5481 4213 5482 5483 0
5482 3814 5484 5485 0
5485 4214 5486 5487 0
5486 3815 5488 5489 0
5489 4215 5490 5491 0
5490 3816 5492 5493 0
5493 4216 5494 5495 0
5494 3817 5496 5497 0
5497 4217 5498 5499 0
5498 3818 5500 5501 0
5501 4218 5502 5503 0
5502 3819 5504 5505 0
5505 4219 5506 5507 0
5506 3820 5508 5509 0
5509 4220 5510 5511 0
5510 3821 5512 5513 0
5513 4221 5514 5515 0
5514 3822 5516 5517 0
5517 4222 5518 5519 0
5518 3823 5520 5521 0
5521 4223 5522 5523 0
-1 3824 5524 5525 0
5525 4224 5526 5527 0
5526 3825 5528 5529 0
5529 4225 5530 5531 0
5530 3826 5532 5533 0
5533 4226 5534 5535 0
5534 3827 5536 5537 0
5537 4227 5538 5539 0
5538 3828 5540 5541 0
5541 4228 5542 5543 0
5542 3829 5544 5545 0
5545 4229 5546 5547 0
5546 3830 5548 5549 0
5549 4230 5550 5551 0
5550 3831 5552 5553 0
5553 4231 5554 5555 0
5554 3832 5556 5557 0
5557 4232 5558 5559 0
5558 3833 5560 5561 0
5561 4233 5562 5563 0
5562 3834 5564 5565 0
5565 4234 5566 5567 0
5566 3835 5568 5569 0
5569 4235 5570 5571 0
5570 3836 5572 5573 0
5573 4236 5574 5575 0
5574 3837 5576 5577 0
5577 4237 5578 5579 0
5578 3838 5580 5581 0
5581 4238 5582 5583 0
5582 3839 5584 5585 0
5585 4239 5586 5587 0
5586 3840 5588 5589 0
5589 4240 5590 5591 0
5590 3841 5592 5593 0
5593 4241 5594 5595 0
5594 3842 5596 5597 0
5597 4242 5598 5599 0
5598 3843 5600 5601 0
5601 4243 5602 5603 0
-1 3844 5604 5605 0
5605 4244 5606 5607 0
5606 3845 5608 5609 0
5609 4245 5610 5611 0
5610 3846 5612 5613 0
5613 4246 5614 5615 0
5614 3847 5616 5617 0
5617 4247 5618 5619 0
5618 3848 5620 5621 0
5621 4248 5622 5623 0
5622 3849 5624 5625 0
5625 4249 5626 5627 0
5626 3850 5628 5629 0
5629 4250 5630 5631 0
5630 3851 5632 5633 0
5633 4251 5634 5635 0
5634 3852 5636 5637 0
5637 4252 5638 5639 0
5638 3853 5640 5641 0
5641 4253 5642 5643 0
5642 3854 5644 5645 0
5645 4254 5646 5647 0
5646 3855 5648 5649 0
5649 4255 5650 5651 0
5650 3856 5652 5653 0
5653 4256 5654 5655 0
5654 3857 5656 5657 0
5657 4257 5658 5659 0
5658 3858 5660 5661 0
5661 4258 5662 5663 0
5662 3859 5664 5665 0
5665 4259 5666 5667 0
5666 3860 5668 5669 0
5669 4260 5670 5671 0
5670 3861 5672 5673 0
5673 4261 5674 5675 0
5674 3862 5676 5677 0
5677 4262 5678 5679 0
5678 3863 5680 5681 0
5681 4263 5682 5683 0
-1 3864 5684 5685 0
5685 4264 5686 5687 0
5686 3865 5688 5689 0
5689 4265 5690 5691 0
5690 3866 5692 5693 0
5693 4266 5694 5695 0
5694 3867 5696 5697 0
5697 4267 5698 5699 0
5698 3868 5700 5701 0
5701 4268 5702 5703 0
5702 3869 5704 5705 0
5705 4269 5706 5707 0
5706 3870 5708 5709 0
5709 4270 5710 5711 0
5710 3871 5712 5713 0
5713 4271 5714 5715 0
5714 3872 5716 5717 0
5717 4272 5718 5719 0
5718 3873 5720 5721 0
5721 4273 5722 5723 0
5722 3874 5724 5725 0
5725 4274 5726 5727 0
5726 3875 5728 5729 0
5729 4275 5730 5731 0
5730 3876 5732 5733 0
5733 4276 5734 5735 0
5734 3877 5736 5737 0
5737 4277 5738 5739 0
5738 3878 5740 5741 0
5741 4278 5742 5743 0
5742 3879 5744 5745 0
5745 4279 5746 5747 0
5746 3880 5748 5749 0
5749 4280 5750 5751 0
5750 3881 5752 5753 0
5753 4281 5754 5755 0
5754 3882 5756 5757 0
5757 4282 5758 5759 0
5758 3883 5760 5761 0
5761 4283 5762 5763 0
-1 3884 5764 5765 0
5765 4284 5766 5767 0
5766 3885 5768 5769 0
5769 4285 5770 5771 0
5770 3886 5772 5773 0
5773 4286 5774 5775 0
5774 3887 5776 5777 0
5777 4287 5778 5779 0
5778 3888 5780 5781 0
5781 4288 5782 5783 0
5782 3889 5784 5785 0
5785 4289 5786 5787 0
5786 3890 5788 5789 0
5789 4290 5790 5791 0
5790 3891 5792 5793 0
5793 4291 5794 5795 0
5794 3892 5796 5797 0
5797 4292 5798 5799 0
5798 3893 5800 5801 0
5801 4293 5802 5803 0
5802 3894 5804 5805 0
5805 4294 5806 5807 0
5806 3895 5808 5809 0
5809 4295 5810 5811 0
5810 3896 5812 5813 0
5813 4296 5814 5815 0
5814 3897 5816 5817 0
5817 4297 5818 5819 0
5818 3898 5820 5821 0
5821 4298 5822 5823 0
5822 3899 5824 5825 0
5825 4299 5826 5827 0
5826 3900 5828 5829 0
5829 4300 5830 5831 0
5830 3901 5832 5833 0
5833 4301 5834 5835 0
5834 3902 5836 5837 0
5837 4302 5838 5839 0
5838 3903 5840 5841 0
5841 4303 5842 5843 0
-1 3904 5844 5845 0
5845 4304 5846 5847 0
5846 3905 5848 5849 0
5849 4305 5850 5851 0
5850 3906 5852 5853 0
5853 4306 5854 5855 0
5854 3907 5856 5857 0
5857 4307 5858 5859 0
5858 3908 5860 5861 0
5861 4308 5862 5863 0
5862 3909 5864 5865 0
5865 4309 5866 5867 0
5866 3910 5868 5869 0
5869 4310 5870 5871 0
5870 3911 5872 5873 0
5873 4311 5874 5875 0
5874 3912 5876 5877 0
5877 4312 5878 5879 0
5878 3913 5880 5881 0
5881 4313 5882 5883 0
5882 3914 5884 5885 0
5885 4314 5886 5887 0
5886 3915 5888 5889 0
5889 4315 5890 5891 0
5890 3916 5892 5893 0
5893 4316 5894 5895 0
5894 3917 5896 5897 0
5897 4317 5898 5899 0
5898 3918 5900 5901 0
5901 4318 5902 5903 0
5902 3919 5904 5905 0
5905 4319 5906 5907 0
5906 3920 5908 5909 0
5909 4320 5910 5911 0
5910 3921 5912 5913 0
5913 4321 5914 5915 0
5914 3922 5916 5917 0
5917 4322 5918 5919 0
5918 3923 5920 5921 0
5921 4323 5922 5923 0
-181 4324 5924 5944 0
4404 4328 5925 5945 0
4408 4332 5926 5946 0
4412 4336 5927 5947 0
4416 4340 5928 5948 0
4420 4344 5929 5949 0
4424 4348 5930 5950 0
4428 4352 5931 5951 0
4432 4356 5932 5952 0
4436 4360 5933 5953 0
4440 4364 5934 5954 0
4444 4368 5935 5955 0
4448 4372 5936 5956 0
4452 4376 5937 5957 0
4456 4380 5938 5958 0
4460 4384 5939 5959 0
4464 4388 5940 5960 0
4468 4392 5941 5961 0
4472 4396 5942 5962 0
4476 4400 5943 5963 0
5944 5925 5964 5965 0
5965 5945 5966 5967 0
5966 5926 5968 5969 0
5969 5946 5970 5971 0
5970 5927 5972 5973 0
5973 5947 5974 5975 0
5974 5928 5976 5977 0
5977 5948 5978 5979 0
5978 5929 5980 5981 0
5981 5949 5982 5983 0
5982 5930 5984 5985 0
5985 5950 5986 5987 0
5986 5931 5988 5989 0
5989 5951 5990 5991 0
5990 5932 5992 5993 0
5993 5952 5994 5995 0
5994 5933 5996 5997 0
5997 5953 5998 5999 0
5998 5934 6000 6001 0
6001 5954 6002 6003 0
6002 5935 6004 6005 0
6005 5955 6006 6007 0
6006 5936 6008 6009 0
6009 5956 6010 6011 0
6010 5937 6012 6013 0
6013 5957 6014 6015 0
6014 5938 6016 6017 0
6017 5958 6018 6019 0
6018 5939 6020 6021 0
6021 5959 6022 6023 0
6022 5940 6024 6025 0
6025 5960 6026 6027 0
6026 5941 6028 6029 0
6029 5961 6030 6031 0
6030 5942 6032 6033 0
6033 5962 6034 6035 0
6034 5943 6036 6037 0
6037 5963 6038 6039 0
-182 5924 6040 6060 0
-183 5964 6041 6061 0
4484 5968 6042 6062 0
4488 5972 6043 6063 0
4492 5976 6044 6064 0
4496 5980 6045 6065 0
4500 5984 6046 6066 0
4504 5988 6047 6067 0
4508 5992 6048 6068 0
4512 5996 6049 6069 0
4516 6000 6050 6070 0
4520 6004 6051 6071 0
4524 6008 6052 6072 0
4528 6012 6053 6073 0
4532 6016 6054 6074 0
4536 6020 6055 6075 0
4540 6024 6056 6076 0
4544 6028 6057 6077 0
4548 6032 6058 6078 0
4552 6036 6059 6079 0
6060 6041 6080 6081 0
6081 6061 6082 6083 0
6082 6042 6084 6085 0
6085 6062 6086 6087 0
6086 6043 6088 6089 0
6089 6063 6090 6091 0
6090 6044 6092 6093 0
6093 6064 6094 6095 0
6094 6045 6096 6097 0
6097 6065 6098 6099 0
6098 6046 6100 6101 0
6101 6066 6102 6103 0
6102 6047 6104 6105 0
6105 6067 6106 6107 0
6106 6048 6108 6109 0
6109 6068 6110 6111 0
6110 6049 6112 6113 0
6113 6069 6114 6115 0
6114 6050 6116 6117 0
6117 6070 6118 6119 0
6118 6051 6120 6121 0
6121 6071 6122 6123 0
6122 6052 6124 6125 0
6125 6072 6126 6127 0
6126 6053 6128 6129 0
6129 6073 6130 6131 0
6130 6054 6132 6133 0
6133 6074 6134 6135 0
6134 6055 6136 6137 0
6137 6075 6138 6139 0
6138 6056 6140 6141 0
6141 6076 6142 6143 0
6142 6057 6144 6145 0
6145 6077 6146 6147 0
6146 6058 6148 6149 0
6149 6078 6150 6151 0
6150 6059 6152 6153 0
6153 6079 6154 6155 0
-184 6040 6156 6176 0
-185 6080 6157 6177 0
-186 6084 6158 6178 0
4564 6088 6159 6179 0
4568 6092 6160 6180 0
4572 6096 6161 6181 0
4576 6100 6162 6182 0
4580 6104 6163 6183 0
4584 6108 6164 6184 0
4588 6112 6165 6185 0
4592 6116 6166 6186 0
4596 6120 6167 6187 0
4600 6124 6168 6188 0
4604 6128 6169 6189 0
4608 6132 6170 6190 0
4612 6136 6171 6191 0
4616 6140 6172 6192 0
4620 6144 6173 6193 0
4624 6148 6174 6194 0
4628 6152 6175 6195 0
6176 6157 6196 6197 0
6197 6177 6198 6199 0
6198 6158 6200 6201 0
6201 6178 6202 6203 0
6202 6159 6204 6205 0
6205 6179 6206 6207 0
6206 6160 6208 6209 0
6209 6180 6210 6211 0
6210 6161 6212 6213 0
6213 6181 6214 6215 0
6214 6162 6216 6217 0
6217 6182 6218 6219 0
6218 6163 6220 6221 0
6221 6183 6222 6223 0
6222 6164 6224 6225 0
6225 6184 6226 6227 0
6226 6165 6228 6229 0
6229 6185 6230 6231 0
6230 6166 6232 6233 0
6233 6186 6234 6235 0
6234 6167 6236 6237 0
6237 6187 6238 6239 0
6238 6168 6240 6241 0
6241 6188 6242 6243 0
6242 6169 6244 6245 0
6245 6189 6246 6247 0
6246 6170 6248 6249 0
6249 6190 6250 6251 0
6250 6171 6252 6253 0
6253 6191 6254 6255 0
6254 6172 6256 6257 0
6257 6192 6258 6259 0
6258 6173 6260 6261 0
6261 6193 6262 6263 0
6262 6174 6264 6265 0
6265 6194 6266 6267 0
6266 6175 6268 6269 0
6269 6195 6270 6271 0
-187 6156 6272 6292 0
-188 6196 6273 6293 0
-189 6200 6274 6294 0
-190 6204 6275 6295 0
4644 6208 6276 6296 0
4648 6212 6277 6297 0
4652 6216 6278 6298 0
4656 6220 6279 6299 0
4660 6224 6280 6300 0
4664 6228 6281 6301 0
4668 6232 6282 6302 0
4672 6236 6283 6303 0
4676 6240 6284 6304 0
4680 6244 6285 6305 0
4684 6248 6286 6306 0
4688 6252 6287 6307 0
4692 6256 6288 6308 0
4696 6260 6289 6309 0
4700 6264 6290 6310 0
4704 6268 6291 6311 0
6292 6273 6312 6313 0
6313 6293 6314 6315 0
6314 6274 6316 6317 0
6317 6294 6318 6319 0
6318 6275 6320 6321 0
6321 6295 6322 6323 0
6322 6276 6324 6325 0
6325 6296 6326 6327 0
6326 6277 6328 6329 0
6329 6297 6330 6331 0
6330 6278 6332 6333 0
6333 6298 6334 6335 0
6334 6279 6336 6337 0
6337 6299 6338 6339 0
6338 6280 6340 6341 0
6341 6300 6342 6343 0
6342 6281 6344 6345 0
6345 6301 6346 6347 0
6346 6282 6348 6349 0
6349 6302 6350 6351 0
6350 6283 6352 6353 0
6353 6303 6354 6355 0
6354 6284 6356 6357 0
6357 6304 6358 6359 0
6358 6285 6360 6361 0
6361 6305 6362 6363 0
6362 6286 6364 6365 0
6365 6306 6366 6367 0
6366 6287 6368 6369 0
6369 6307 6370 6371 0
6370 6288 6372 6373 0
6373 6308 6374 6375 0
6374 6289 6376 6377 0
6377 6309 6378 6379 0
6378 6290 6380 6381 0
6381 6310 6382 6383 0
6382 6291 6384 6385 0
6385 6311 6386 6387 0
-191 6272 6388 6408 0
-192 6312 6389 6409 0
-193 6316 6390 6410 0
-194 6320 6391 6411 0
-195 6324 6392 6412 0
4724 6328 6393 6413 0
4728 6332 6394 6414 0
4732 6336 6395 6415 0
4736 6340 6396 6416 0
4740 6344 6397 6417 0
4744 6348 6398 6418 0
4748 6352 6399 6419 0
4752 6356 6400 6420 0
4756 6360 6401 6421 0
4760 6364 6402 6422 0
4764 6368 6403 6423 0
4768 6372 6404 6424 0
4772 6376 6405 6425 0
4776 6380 6406 6426 0
4780 6384 6407 6427 0
6408 6389 6428 6429 0
6429 6409 6430 6431 0
6430 6390 6432 6433 0
6433 6410 6434 6435 0
6434 6391 6436 6437 0
6437 6411 6438 6439 0
6438 6392 6440 6441 0
6441 6412 6442 6443 0
6442 6393 6444 6445 0
6445 6413 6446 6447 0
6446 6394 6448 6449 0
6449 6414 6450 6451 0
6450 6395 6452 6453 0
6453 6415 6454 6455 0
6454 6396 6456 6457 0
6457 6416 6458 6459 0
6458 6397 6460 6461 0
6461 6417 6462 6463 0
6462 6398 6464 6465 0
6465 6418 6466 6467 0
6466 6399 6468 6469 0
6469 6419 6470 6471 0
6470 6400 6472 6473 0
6473 6420 6474 6475 0
6474 6401 6476 6477 0
6477 6421 6478 6479 0
6478 6402 6480 6481 0
6481 6422 6482 6483 0
6482 6403 6484 6485 0
6485 6423 6486 6487 0
6486 6404 6488 6489 0
6489 6424 6490 6491 0
6490 6405 6492 6493 0
6493 6425 6494 6495 0
6494 6406 6496 6497 0
6497 6426 6498 6499 0
6498 6407 6500 6501 0
6501 6427 6502 6503 0
-196 6388 6504 6524 0
-197 6428 6505 6525 0
-198 6432 6506 6526 0
-199 6436 6507 6527 0
-200 6440 6508 6528 0
-201 6444 6509 6529 0
4804 6448 6510 6530 0
4808 6452 6511 6531 0
4812 6456 6512 6532 0
4816 6460 6513 6533 0
4820 6464 6514 6534 0
4824 6468 6515 6535 0
4828 6472 6516 6536 0
4832 6476 6517 6537 0
4836 6480 6518 6538 0
4840 6484 6519 6539 0
4844 6488 6520 6540 0
4848 6492 6521 6541 0
4852 6496 6522 6542 0
4856 6500 6523 6543 0
6524 6505 6544 6545 0
6545 6525 6546 6547 0
6546 6506 6548 6549 0
6549 6526 6550 6551 0
6550 6507 6552 6553 0
6553 6527 6554 6555 0
6554 6508 6556 6557 0
6557 6528 6558 6559 0
6558 6509 6560 6561 0
6561 6529 6562 6563 0
6562 6510 6564 6565 0
6565 6530 6566 6567 0
6566 6511 6568 6569 0
6569 6531 6570 6571 0
6570 6512 6572 6573 0
6573 6532 6574 6575 0
6574 6513 6576 6577 0
6577 6533 6578 6579 0
6578 6514 6580 6581 0
6581 6534 6582 6583 0
6582 6515 6584 6585 0
6585 6535 6586 6587 0
6586 6516 6588 6589 0
6589 6536 6590 6591 0
6590 6517 6592 6593 0
6593 6537 6594 6595 0
6594 6518 6596 6597 0
6597 6538 6598 6599 0
6598 6519 6600 6601 0
6601 6539 6602 6603 0
6602 6520 6604 6605 0
6605 6540 6606 6607 0
6606 6521 6608 6609 0
6609 6541 6610 6611 0
6610 6522 6612 6613 0
6613 6542 6614 6615 0
6614 6523 6616 6617 0
6617 6543 6618 6619 0
-202 6504 6620 6640 0
-203 6544 6621 6641 0
-204 6548 6622 6642 0
-205 6552 6623 6643 0
-206 6556 6624 6644 0
-207 6560 6625 6645 0
-208 6564 6626 6646 0
4884 6568 6627 6647 0
4888 6572 6628 6648 0
4892 6576 6629 6649 0
4896 6580 6630 6650 0
4900 6584 6631 6651 0
4904 6588 6632 6652 0
4908 6592 6633 6653 0
4912 6596 6634 6654 0
4916 6600 6635 6655 0
4920 6604 6636 6656 0
4924 6608 6637 6657 0
4928 6612 6638 6658 0
4932 6616 6639 6659 0
6640 6621 6660 6661 0
6661 6641 6662 6663 0
6662 6622 6664 6665 0
6665 6642 6666 6667 0
6666 6623 6668 6669 0
6669 6643 6670 6671 0
6670 6624 6672 6673 0
6673 6644 6674 6675 0
6674 6625 6676 6677 0
6677 6645 6678 6679 0
6678 6626 6680 6681 0
6681 6646 6682 6683 0
6682 6627 6684 6685 0
6685 6647 6686 6687 0
6686 6628 6688 6689 0
6689 6648 6690 6691 0
6690 6629 6692 6693 0
6693 6649 6694 6695 0
6694 6630 6696 6697 0
6697 6650 6698 6699 0
6698 6631 6700 6701 0
6701 6651 6702 6703 0
6702 6632 6704 6705 0
6705 6652 6706 6707 0
6706 6633 6708 6709 0
6709 6653 6710 6711 0
6710 6634 6712 6713 0
6713 6654 6714 6715 0
6714 6635 6716 6717 0
6717 6655 6718 6719 0
6718 6636 6720 6721 0
6721 6656 6722 6723 0
6722 6637 6724 6725 0
6725 6657 6726 6727 0
6726 6638 6728 6729 0
6729 6658 6730 6731 0
6730 6639 6732 6733 0
6733 6659 6734 6735 0
-209 6620 6736 6756 0
-210 6660 6737 6757 0
-211 6664 6738 6758 0
-212 6668 6739 6759 0
-213 6672 6740 6760 0
-214 6676 6741 6761 0
-215 6680 6742 6762 0
-216 6684 6743 6763 0
4964 6688 6744 6764 0
4968 6692 6745 6765 0
4972 6696 6746 6766 0
4976 6700 6747 6767 0
4980 6704 6748 6768 0
4984 6708 6749 6769 0
4988 6712 6750 6770 0
4992 6716 6751 6771 0
4996 6720 6752 6772 0
5000 6724 6753 6773 0
5004 6728 6754 6774 0
5008 6732 6755 6775 0
6756 6737 6776 6777 0
6777 6757 6778 6779 0
6778 6738 6780 6781 0
6781 6758 6782 6783 0
6782 6739 6784 6785 0
6785 6759 6786 6787 0
6786 6740 6788 6789 0
6789 6760 6790 6791 0
6790 6741 6792 6793 0
6793 6761 6794 6795 0
6794 6742 6796 6797 0
6797 6762 6798 6799 0
6798 6743 6800 6801 0
6801 6763 6802 6803 0
6802 6744 6804 6805 0
6805 6764 6806 6807 0
6806 6745 6808 6809 0
6809 6765 6810 6811 0
6810 6746 6812 6813 0
6813 6766 6814 6815 0
6814 6747 6816 6817 0
6817 6767 6818 6819 0
6818 6748 6820 6821 0
6821 6768 6822 6823 0
6822 6749 6824 6825 0
6825 6769 6826 6827 0
6826 6750 6828 6829 0
6829 6770 6830 6831 0
6830 6751 6832 6833 0
6833 6771 6834 6835 0
6834 6752 6836 6837 0
6837 6772 6838 6839 0
6838 6753 6840 6841 0
6841 6773 6842 6843 0
6842 6754 6844 6845 0
6845 6774 6846 6847 0
6846 6755 6848 6849 0
6849 6775 6850 6851 0
-217 6736 6852 6872 0
-218 6776 6853 6873 0
-219 6780 6854 6874 0
-220 6784 6855 6875 0
-221 6788 6856 6876 0
-222 6792 6857 6877 0
-223 6796 6858 6878 0
-224 6800 6859 6879 0
-225 6804 6860 6880 0
5044 6808 6861 6881 0
5048 6812 6862 6882 0
5052 6816 6863 6883 0
5056 6820 6864 6884 0
5060 6824 6865 6885 0
5064 6828 6866 6886 0
5068 6832 6867 6887 0
5072 6836 6868 6888 0
5076 6840 6869 6889 0
5080 6844 6870 6890 0
5084 6848 6871 6891 0
6872 6853 6892 6893 0
6893 6873 6894 6895 0
6894 6854 6896 6897 0
6897 6874 6898 6899 0
6898 6855 6900 6901 0
6901 6875 6902 6903 0
6902 6856 6904 6905 0
6905 6876 6906 6907 0
6906 6857 6908 6909 0
6909 6877 6910 6911 0
6910 6858 6912 6913 0
6913 6878 6914 6915 0
6914 6859 6916 6917 0
6917 6879 6918 6919 0
6918 6860 6920 6921 0
6921 6880 6922 6923 0
6922 6861 6924 6925 0
6925 6881 6926 6927 0
6926 6862 6928 6929 0
6929 6882 6930 6931 0
6930 6863 6932 6933 0
6933 6883 6934 6935 0
6934 6864 6936 6937 0
6937 6884 6938 6939 0
6938 6865 6940 6941 0
6941 6885 6942 6943 0
6942 6866 6944 6945 0
6945 6886 6946 6947 0
6946 6867 6948 6949 0
6949 6887 6950 6951 0
6950 6868 6952 6953 0
6953 6888 6954 6955 0
6954 6869 6956 6957 0
6957 6889 6958 6959 0
6958 6870 6960 6961 0
6961 6890 6962 6963 0
6962 6871 6964 6965 0
6965 6891 6966 6967 0
-226 6852 6968 6988 0
-227 6892 6969 6989 0
-228 6896 6970 6990 0
-229 6900 6971 6991 0
-230 6904 6972 6992 0
-231 6908 6973 6993 0
-232 6912 6974 6994 0
-233 6916 6975 6995 0
-234 6920 6976 6996 0
-235 6924 6977 6997 0
5124 6928 6978 6998 0
5128 6932 6979 6999 0
5132 6936 6980 7000 0
5136 6940 6981 7001 0
5140 6944 6982 7002 0
5144 6948 6983 7003 0
5148 6952 6984 7004 0
5152 6956 6985 7005 0
5156 6960 6986 7006 0
5160 6964 6987 7007 0
6988 6969 7008 7009 0
7009 6989 7010 7011 0
7010 6970 7012 7013 0
7013 6990 7014 7015 0
7014 6971 7016 7017 0
7017 6991 7018 7019 0
7018 6972 7020 7021 0
7021 6992 7022 7023 0
7022 6973 7024 7025 0
7025 6993 7026 7027 0
7026 6974 7028 7029 0
7029 6994 7030 7031 0
7030 6975 7032 7033 0
7033 6995 7034 7035 0
7034 6976 7036 7037 0
7037 6996 7038 7039 0
7038 6977 7040 7041 0
7041 6997 7042 7043 0
7042 6978 7044 7045 0
7045 6998 7046 7047 0
7046 6979 7048 7049 0
7049 6999 7050 7051 0
7050 6980 7052 7053 0
7053 7000 7054 7055 0
7054 6981 7056 7057 0
7057 7001 7058 7059 0
7058 6982 7060 7061 0
7061 7002 7062 7063 0
7062 6983 7064 7065 0
7065 7003 7066 7067 0
7066 6984 7068 7069 0
7069 7004 7070 7071 0
7070 6985 7072 7073 0
7073 7005 7074 7075 0
7074 6986 7076 7077 0
7077 7006 7078 7079 0
7078 6987 7080 7081 0
7081 7007 7082 7083 0
-236 6968 7084 7104 0
-237 7008 7085 7105 0
-238 7012 7086 7106 0
-239 7016 7087 7107 0
-240 7020 7088 7108 0
-241 7024 7089 7109 0
-242 7028 7090 7110 0
-243 7032 7091 7111 0
-244 7036 7092 7112 0
-245 7040 7093 7113 0
-246 7044 7094 7114 0
5204 7048 7095 7115 0
5208 7052 7096 7116 0
5212 7056 7097 7117 0
5216 7060 7098 7118 0
5220 7064 7099 7119 0
5224 7068 7100 7120 0
5228 7072 7101 7121 0
5232 7076 7102 7122 0
5236 7080 7103 7123 0
7104 7085 7124 7125 0
7125 7105 7126 7127 0
7126 7086 7128 7129 0
7129 7106 7130 7131 0
7130 7087 7132 7133 0
7133 7107 7134 7135 0
7134 7088 7136 7137 0
7137 7108 7138 7139 0
7138 7089 7140 7141 0
7141 7109 7142 7143 0
7142 7090 7144 7145 0
7145 7110 7146 7147 0
7146 7091 7148 7149 0
7149 7111 7150 7151 0
7150 7092 7152 7153 0
7153 7112 7154 7155 0
7154 7093 7156 7157 0
7157 7113 7158 7159 0
7158 7094 7160 7161 0
7161 7114 7162 7163 0
7162 7095 7164 7165 0
7165 7115 7166 7167 0
7166 7096 7168 7169 0
7169 7116 7170 7171 0
7170 7097 7172 7173 0
7173 7117 7174 7175 0
7174 7098 7176 7177 0
7177 7118 7178 7179 0
7178 7099 7180 7181 0
7181 7119 7182 7183 0
7182 7100 7184 7185 0
7185 7120 7186 7187 0
7186 7101 7188 7189 0
7189 7121 7190 7191 0
7190 7102 7192 7193 0
7193 7122 7194 7195 0
7194 7103 7196 7197 0
7197 7123 7198 7199 0
-247 7084 7200 7220 0
-248 7124 7201 7221 0
-249 7128 7202 7222 0
-250 7132 7203 7223 0
-251 7136 7204 7224 0
-252 7140 7205 7225 0
-253 7144 7206 7226 0
-254 7148 7207 7227 0
-255 7152 7208 7228 0
-256 7156 7209 7229 0
-257 7160 7210 7230 0
-258 7164 7211 7231 0
5284 7168 7212 7232 0
5288 7172 7213 7233 0
5292 7176 7214 7234 0
5296 7180 7215 7235 0
5300 7184 7216 7236 0
5304 7188 7217 7237 0
5308 7192 7218 7238 0
5312 7196 7219 7239 0
7220 7201 7240 7241 0
7241 7221 7242 7243 0
7242 7202 7244 7245 0
7245 7222 7246 7247 0
7246 7203 7248 7249 0
7249 7223 7250 7251 0
7250 7204 7252 7253 0
7253 7224 7254 7255 0
7254 7205 7256 7257 0
7257 7225 7258 7259 0
7258 7206 7260 7261 0
7261 7226 7262 7263 0
7262 7207 7264 7265 0
7265 7227 7266 7267 0
7266 7208 7268 7269 0
7269 7228 7270 7271 0
7270 7209 7272 7273 0
7273 7229 7274 7275 0
7274 7210 7276 7277 0
7277 7230 7278 7279 0
7278 7211 7280 7281 0
7281 7231 7282 7283 0
7282 7212 7284 7285 0
7285 7232 7286 7287 0
7286 7213 7288 7289 0
7289 7233 7290 7291 0
7290 7214 7292 7293 0
7293 7234 7294 7295 0
7294 7215 7296 7297 0
7297 7235 7298 7299 0
7298 7216 7300 7301 0
7301 7236 7302 7303 0
7302 7217 7304 7305 0
7305 7237 7306 7307 0
7306 7218 7308 7309 0
7309 7238 7310 7311 0
7310 7219 7312 7313 0
7313 7239 7314 7315 0
-259 7200 7316 7336 0
-260 7240 7317 7337 0
-261 7244 7318 7338 0
-262 7248 7319 7339 0
-263 7252 7320 7340 0
-264 7256 7321 7341 0
-265 7260 7322 7342 0
-266 7264 7323 7343 0
-267 7268 7324 7344 0
-268 7272 7325 7345 0
-269 7276 7326 7346 0
-270 7280 7327 7347 0
-271 7284 7328 7348 0
5364 7288 7329 7349 0
5368 7292 7330 7350 0
5372 7296 7331 7351 0
5376 7300 7332 7352 0
5380 7304 7333 7353 0
5384 7308 7334 7354 0
5388 7312 7335 7355 0
7336 7317 7356 7357 0
7357 7337 7358 7359 0
7358 7318 7360 7361 0
7361 7338 7362 7363 0
7362 7319 7364 7365 0
7365 7339 7366 7367 0
7366 7320 7368 7369 0
7369 7340 7370 7371 0
7370 7321 7372 7373 0
7373 7341 7374 7375 0
7374 7322 7376 7377 0
7377 7342 7378 7379 0
7378 7323 7380 7381 0
7381 7343 7382 7383 0
7382 7324 7384 7385 0
7385 7344 7386 7387 0
7386 7325 7388 7389 0
7389 7345 7390 7391 0
7390 7326 7392 7393 0
7393 7346 7394 7395 0
7394 7327 7396 7397 0
7397 7347 7398 7399 0
7398 7328 7400 7401 0
7401 7348 7402 7403 0
7402 7329 7404 7405 0
7405 7349 7406 7407 0
7406 7330 7408 7409 0
7409 7350 7410 7411 0
7410 7331 7412 7413 0
7413 7351 7414 7415 0
7414 7332 7416 7417 0
7417 7352 7418 7419 0
7418 7333 7420 7421 0
7421 7353 7422 7423 0
7422 7334 7424 7425 0
7425 7354 7426 7427 0
7426 7335 7428 7429 0
7429 7355 7430 7431 0
-272 7316 7432 7452 0
-273 7356 7433 7453 0
-274 7360 7434 7454 0
-275 7364 7435 7455 0
-276 7368 7436 7456 0
-277 7372 7437 7457 0
-278 7376 7438 7458 0
-279 7380 7439 7459 0
-280 7384 7440 7460 0
-281 7388 7441 7461 0
-282 7392 7442 7462 0
-283 7396 7443 7463 0
-284 7400 7444 7464 0
-285 7404 7445 7465 0
5444 7408 7446 7466 0
5448 7412 7447 7467 0
5452 7416 7448 7468 0
5456 7420 7449 7469 0
5460 7424 7450 7470 0
5464 7428 7451 7471 0
7452 7433 7472 7473 0
7473 7453 7474 7475 0
7474 7434 7476 7477 0
7477 7454 7478 7479 0
7478 7435 7480 7481 0
7481 7455 7482 7483 0
7482 7436 7484 7485 0
7485 7456 7486 7487 0
7486 7437 7488 7489 0
7489 7457 7490 7491 0
7490 7438 7492 7493 0
7493 7458 7494 7495 0
7494 7439 7496 7497 0
7497 7459 7498 7499 0
7498 7440 7500 7501 0
7501 7460 7502 7503 0
7502 7441 7504 7505 0
7505 7461 7506 7507 0
7506 7442 7508 7509 0
7509 7462 7510 7511 0
7510 7443 7512 7513 0
7513 7463 7514 7515 0
7514 7444 7516 7517 0
7517 7464 7518 7519 0
7518 7445 7520 7521 0
7521 7465 7522 7523 0
7522 7446 7524 7525 0
7525 7466 7526 7527 0
7526 7447 7528 7529 0
7529 7467 7530 7531 0
7530 7448 7532 7533 0
7533 7468 7534 7535 0
7534 7449 7536 7537 0
7537 7469 7538 7539 0
7538 7450 7540 7541 0
7541 7470 7542 7543 0
7542 7451 7544 7545 0
7545 7471 7546 7547 0
-286 7432 7548 7568 0
-287 7472 7549 7569 0
-288 7476 7550 7570 0
-289 7480 7551 7571 0
-290 7484 7552 7572 0
-291 7488 7553 7573 0
-292 7492 7554 7574 0
-293 7496 7555 7575 0
-294 7500 7556 7576 0
-295 7504 7557 7577 0
-296 7508 7558 7578 0
-297 7512 7559 7579 0
-298 7516 7560 7580 0
-299 7520 7561 7581 0
-300 7524 7562 7582 0
5524 7528 7563 7583 0
5528 7532 7564 7584 0
5532 7536 7565 7585 0
5536 7540 7566 7586 0
5540 7544 7567 7587 0
7568 7549 7588 7589 0
7589 7569 7590 7591 0
7590 7550 7592 7593 0
7593 7570 7594 7595 0
7594 7551 7596 7597 0
7597 7571 7598 7599 0
7598 7552 7600 7601 0
7601 7572 7602 7603 0
7602 7553 7604 7605 0
7605 7573 7606 7607 0
7606 7554 7608 7609 0
7609 7574 7610 7611 0
7610 7555 7612 7613 0
7613 7575 7614 7615 0
7614 7556 7616 7617 0
7617 7576 7618 7619 0
7618 7557 7620 7621 0
7621 7577 7622 7623 0
7622 7558 7624 7625 0
7625 7578 7626 7627 0
7626 7559 7628 7629 0
7629 7579 7630 7631 0
7630 7560 7632 7633 0
7633 7580 7634 7635 0
7634 7561 7636 7637 0
7637 7581 7638 7639 0
7638 7562 7640 7641 0
7641 7582 7642 7643 0
7642 7563 7644 7645 0
7645 7583 7646 7647 0
7646 7564 7648 7649 0
7649 7584 7650 7651 0
7650 7565 7652 7653 0
7653 7585 7654 7655 0
7654 7566 7656 7657 0
7657 7586 7658 7659 0
7658 7567 7660 7661 0
7661 7587 7662 7663 0
-301 7548 7664 7684 0
-302 7588 7665 7685 0
-303 7592 7666 7686 0
-304 7596 7667 7687 0
-305 7600 7668 7688 0
-306 7604 7669 7689 0
-307 7608 7670 7690 0
-308 7612 7671 7691 0
-309 7616 7672 7692 0
-310 7620 7673 7693 0
-311 7624 7674 7694 0
-312 7628 7675 7695 0
-313 7632 7676 7696 0
-314 7636 7677 7697 0
-315 7640 7678 7698 0
-316 7644 7679 7699 0
5604 7648 7680 7700 0
5608 7652 7681 7701 0
5612 7656 7682 7702 0
5616 7660 7683 7703 0
7684 7665 7704 7705 0
7705 7685 7706 7707 0
7706 7666 7708 7709 0
7709 7686 7710 7711 0
7710 7667 7712 7713 0
7713 7687 7714 7715 0
7714 7668 7716 7717 0
7717 7688 7718 7719 0
7718 7669 7720 7721 0
7721 7689 7722 7723 0
7722 7670 7724 7725 0
7725 7690 7726 7727 0
7726 7671 7728 7729 0
7729 7691 7730 7731 0
7730 7672 7732 7733 0
7733 7692 7734 7735 0
7734 7673 7736 7737 0
7737 7693 7738 7739 0
7738 7674 7740 7741 0
7741 7694 7742 7743 0
7742 7675 7744 7745 0
7745 7695 7746 7747 0
7746 7676 7748 7749 0
7749 7696 7750 7751 0
7750 7677 7752 7753 0
7753 7697 7754 7755 0
7754 7678 7756 7757 0
7757 7698 7758 7759 0
7758 7679 7760 7761 0
7761 7699 7762 7763 0
7762 7680 7764 7765 0
7765 7700 7766 7767 0
7766 7681 7768 7769 0
7769 7701 7770 7771 0
7770 7682 7772 7773 0
7773 7702 7774 7775 0
7774 7683 7776 7777 0
7777 7703 7778 7779 0
-317 7664 7780 7800 0
-318 7704 7781 7801 0
-319 7708 7782 7802 0
-320 7712 7783 7803 0
-321 7716 7784 7804 0
-322 7720 7785 7805 0
-323 7724 7786 7806 0
-324 7728 7787 7807 0
-325 7732 7788 7808 0
-326 7736 7789 7809 0
-327 7740 7790 7810 0
-328 7744 7791 7811 0
-329 7748 7792 7812 0
-330 7752 7793 7813 0
-331 7756 7794 7814 0
-332 7760 7795 7815 0
-333 7764 7796 7816 0
5684 7768 7797 7817 0
5688 7772 7798 7818 0
5692 7776 7799 7819 0
7800 7781 7820 7821 0
7821 7801 7822 7823 0
7822 7782 7824 7825 0
7825 7802 7826 7827 0
7826 7783 7828 7829 0
7829 7803 7830 7831 0
7830 7784 7832 7833 0
7833 7804 7834 7835 0
7834 7785 7836 7837 0
7837 7805 7838 7839 0
7838 7786 7840 7841 0
7841 7806 7842 7843 0
7842 7787 7844 7845 0
7845 7807 7846 7847 0
7846 7788 7848 7849 0
7849 7808 7850 7851 0
7850 7789 7852 7853 0
7853 7809 7854 7855 0
7854 7790 7856 7857 0
7857 7810 7858 7859 0
7858 7791 7860 7861 0
7861 7811 7862 7863 0
7862 7792 7864 7865 0
7865 7812 7866 7867 0
7866 7793 7868 7869 0
7869 7813 7870 7871 0
7870 7794 7872 7873 0
7873 7814 7874 7875 0
7874 7795 7876 7877 0
7877 7815 7878 7879 0
7878 7796 7880 7881 0
7881 7816 7882 7883 0
7882 7797 7884 7885 0
7885 7817 7886 7887 0
7886 7798 7888 7889 0
7889 7818 7890 7891 0
7890 7799 7892 7893 0
7893 7819 7894 7895 0
-334 7780 7896 7916 0
-335 7820 7897 7917 0
-336 7824 7898 7918 0
-337 7828 7899 7919 0
-338 7832 7900 7920 0
-339 7836 7901 7921 0
-340 7840 7902 7922 0
-341 7844 7903 7923 0
-342 7848 7904 7924 0
-343 7852 7905 7925 0
-344 7856 7906 7926 0
-345 7860 7907 7927 0
-346 7864 7908 7928 0
-347 7868 7909 7929 0
-348 7872 7910 7930 0
-349 7876 7911 7931 0
-350 7880 7912 7932 0
-351 7884 7913 7933 0
5764 7888 7914 7934 0
5768 7892 7915 7935 0
7916 7897 7936 7937 0
7937 7917 7938 7939 0
7938 7898 7940 7941 0
7941 7918 7942 7943 0
7942 7899 7944 7945 0
7945 7919 7946 7947 0
7946 7900 7948 7949 0
7949 7920 7950 7951 0
7950 7901 7952 7953 0
7953 7921 7954 7955 0
7954 7902 7956 7957 0
7957 7922 7958 7959 0
7958 7903 7960 7961 0
7961 7923 7962 7963 0
7962 7904 7964 7965 0
7965 7924 7966 7967 0
7966 7905 7968 7969 0
7969 7925 7970 7971 0
7970 7906 7972 7973 0
7973 7926 7974 7975 0
7974 7907 7976 7977 0
7977 7927 7978 7979 0
7978 7908 7980 7981 0
7981 7928 7982 7983 0
7982 7909 7984 7985 0
7985 7929 7986 7987 0
7986 7910 7988 7989 0
7989 7930 7990 7991 0
7990 7911 7992 7993 0
7993 7931 7994 7995 0
7994 7912 7996 7997 0
7997 7932 7998 7999 0
7998 7913 8000 8001 0
8001 7933 8002 8003 0
8002 7914 8004 8005 0
8005 7934 8006 8007 0
8006 7915 8008 8009 0
8009 7935 8010 8011 0
-352 7896 8012 8032 0
-353 7936 8013 8033 0
-354 7940 8014 8034 0
-355 7944 8015 8035 0
-356 7948 8016 8036 0
-357 7952 8017 8037 0
-358 7956 8018 8038 0
-359 7960 8019 8039 0
-360 7964 8020 8040 0
-361 7968 8021 8041 0
-362 7972 8022 8042 0
-363 7976 8023 8043 0
-364 7980 8024 8044 0
-365 7984 8025 8045 0
-366 7988 8026 8046 0
-367 7992 8027 8047 0
-368 7996 8028 8048 0
-369 8000 8029 8049 0
-370 8004 8030 8050 0
5844 8008 8031 8051 0
8032 8013 8052 8053 0
8053 8033 8054 8055 0
8054 8014 8056 8057 0
8057 8034 8058 8059 0
8058 8015 8060 8061 0
8061 8035 8062 8063 0
8062 8016 8064 8065 0
8065 8036 8066 8067 0
8066 8017 8068 8069 0
8069 8037 8070 8071 0
8070 8018 8072 8073 0
8073 8038 8074 8075 0
8074 8019 8076 8077 0
8077 8039 8078 8079 0
8078 8020 8080 8081 0
8081 8040 8082 8083 0
8082 8021 8084 8085 0
8085 8041 8086 8087 0
8086 8022 8088 8089 0
8089 8042 8090 8091 0
8090 8023 8092 8093 0
8093 8043 8094 8095 0
8094 8024 8096 8097 0
8097 8044 8098 8099 0
8098 8025 8100 8101 0
8101 8045 8102 8103 0
8102 8026 8104 8105 0
8105 8046 8106 8107 0
8106 8027 8108 8109 0
8109 8047 8110 8111 0
8110 8028 8112 8113 0
8113 8048 8114 8115 0
8114 8029 8116 8117 0
8117 8049 8118 8119 0
8118 8030 8120 8121 0
8121 8050 8122 8123 0
8122 8031 8124 8125 0
8125 8051 8126 8127 0
8012 80 8128 8148 0
8052 81 8129 8149 0
8056 82 8130 8150 0
8060 83 8131 8151 0
8064 84 8132 8152 0
8068 85 8133 8153 0
8072 86 8134 8154 0
8076 87 8135 8155 0
8080 88 8136 8156 0
8084 89 8137 8157 0
8088 90 8138 8158 0
8092 91 8139 8159 0
8096 92 8140 8160 0
8100 93 8141 8161 0
8104 94 8142 8162 0
8108 95 8143 8163 0
8112 96 8144 8164 0
8116 97 8145 8165 0
8120 98 8146 8166 0
8124 99 8147 8167 0
8148 8129 8168 8169 0
8169 8149 8170 8171 0
8170 8130 8172 8173 0
8173 8150 8174 8175 0
8174 8131 8176 8177 0
8177 8151 8178 8179 0
8178 8132 8180 8181 0
8181 8152 8182 8183 0
8182 8133 8184 8185 0
8185 8153 8186 8187 0
8186 8134 8188 8189 0
8189 8154 8190 8191 0
8190 8135 8192 8193 0
8193 8155 8194 8195 0
8194 8136 8196 8197 0
8197 8156 8198 8199 0
8198 8137 8200 8201 0
8201 8157 8202 8203 0
8202 8138 8204 8205 0
8205 8158 8206 8207 0
8206 8139 8208 8209 0
8209 8159 8210 8211 0
8210 8140 8212 8213 0
8213 8160 8214 8215 0
8214 8141 8216 8217 0
8217 8161 8218 8219 0
8218 8142 8220 8221 0
8221 8162 8222 8223 0
8222 8143 8224 8225 0
8225 8163 8226 8227 0
8226 8144 8228 8229 0
8229 8164 8230 8231 0
8230 8145 8232 8233 0
8233 8165 8234 8235 0
8234 8146 8236 8237 0
8237 8166 8238 8239 0
8238 8147 8240 8241 0
8241 8167 8242 8243 0
8128 60 8244 8264 0
8168 61 8245 8265 0
8172 62 8246 8266 0
8176 63 8247 8267 0
8180 64 8248 8268 0
8184 65 8249 8269 0
8188 66 8250 8270 0
8192 67 8251 8271 0
8196 68 8252 8272 0
8200 69 8253 8273 0
8204 70 8254 8274 0
8208 71 8255 8275 0
8212 72 8256 8276 0
8216 73 8257 8277 0
8220 74 8258 8278 0
8224 75 8259 8279 0
8228 76 8260 8280 0
8232 77 8261 8281 0
8236 78 8262 8282 0
8240 79 8263 8283 0
8264 8245 8284 8285 0
8285 8265 8286 8287 0
8286 8246 8288 8289 0
8289 8266 8290 8291 0
8290 8247 8292 8293 0
8293 8267 8294 8295 0
8294 8248 8296 8297 0
8297 8268 8298 8299 0
8298 8249 8300 8301 0
8301 8269 8302 8303 0
8302 8250 8304 8305 0
8305 8270 8306 8307 0
8306 8251 8308 8309 0
8309 8271 8310 8311 0
8310 8252 8312 8313 0
8313 8272 8314 8315 0
8314 8253 8316 8317 0
8317 8273 8318 8319 0
8318 8254 8320 8321 0
8321 8274 8322 8323 0
8322 8255 8324 8325 0
8325 8275 8326 8327 0
8326 8256 8328 8329 0
8329 8276 8330 8331 0
8330 8257 8332 8333 0
8333 8277 8334 8335 0
8334 8258 8336 8337 0
8337 8278 8338 8339 0
8338 8259 8340 8341 0
8341 8279 8342 8343 0
8342 8260 8344 8345 0
8345 8280 8346 8347 0
8346 8261 8348 8349 0
8349 8281 8350 8351 0
8350 8262 8352 8353 0
8353 8282 8354 8355 0
8354 8263 8356 8357 0
8357 8283 8358 8359 0
8244 40 8360 8380 0
8284 41 8361 8381 0
8288 42 8362 8382 0
8292 43 8363 8383 0
8296 44 8364 8384 0
8300 45 8365 8385 0
8304 46 8366 8386 0
8308 47 8367 8387 0
8312 48 8368 8388 0
8316 49 8369 8389 0
8320 50 8370 8390 0
8324 51 8371 8391 0
8328 52 8372 8392 0
8332 53 8373 8393 0
8336 54 8374 8394 0
8340 55 8375 8395 0
8344 56 8376 8396 0
8348 57 8377 8397 0
8352 58 8378 8398 0
8356 59 8379 8399 0
8380 8361 8400 8401 0
8401 8381 8402 8403 0
8402 8362 8404 8405 0
8405 8382 8406 8407 0
8406 8363 8408 8409 0
8409 8383 8410 8411 0
8410 8364 8412 8413 0
8413 8384 8414 8415 0
8414 8365 8416 8417 0
8417 8385 8418 8419 0
8418 8366 8420 8421 0
8421 8386 8422 8423 0
8422 8367 8424 8425 0
8425 8387 8426 8427 0
8426 8368 8428 8429 0
8429 8388 8430 8431 0
8430 8369 8432 8433 0
8433 8389 8434 8435 0
8434 8370 8436 8437 0
8437 8390 8438 8439 0
8438 8371 8440 8441 0
8441 8391 8442 8443 0
8442 8372 8444 8445 0
8445 8392 8446 8447 0
8446 8373 8448 8449 0
8449 8393 8450 8451 0
8450 8374 8452 8453 0
8453 8394 8454 8455 0
8454 8375 8456 8457 0
8457 8395 8458 8459 0
8458 8376 8460 8461 0
8461 8396 8462 8463 0
8462 8377 8464 8465 0
8465 8397 8466 8467 0
8466 8378 8468 8469 0
8469 8398 8470 8471 0
8470 8379 8472 8473 0
8473 8399 8474 8475 0
